1561882845402 0.808150000222524 0
1561882845411 0.9457500001907349 1
1561882845419 0.9667999989509583 2
1561882845428 0.9764166672070821 3
1561882845438 0.981583333269755 4
1561882845447 0.9848333335558573 5
1561882845455 0.9874166657129924 6
1561882845463 0.9891499988555909 7
1561882845472 0.9913333323478699 8
1561882845480 0.9922666674296061 9
1561882845489 0.9933166675885519 10
1561882845497 0.9946333340962727 11
1561882845506 0.9952499991416931 12
1561882845514 0.9962500001589457 13
1561882845522 0.9967666660944621 14
1561882845531 0.9974333343823751 15
1561882845539 0.997700000890096 16
1561882845547 0.998300000445048 17
1561882845555 0.9985833323160808 18
1561882845563 0.9988499997138977 19
