1561882845237 0.615813970041275 0
1561882845245 0.1881867667913437 1
1561882845253 0.11624294955730438 2
1561882845261 0.0846319220105807 3
1561882845270 0.06718463302850723 4
1561882845278 0.05544251944422722 5
1561882845286 0.04715680182178815 6
1561882845295 0.040698646797736486 7
1561882845303 0.03496389012336731 8
1561882845311 0.030625159724553427 9
1561882845319 0.027121421558658283 10
1561882845328 0.023845948059360186 11
1561882845336 0.021331637280186017 12
1561882845344 0.018869848621884983 13
1561882845352 0.01658267187823852 14
1561882845361 0.014873937192559241 15
1561882845369 0.01347006837129593 16
1561882845377 0.0119244572793444 17
1561882845386 0.010693528192241987 18
1561882845394 0.009469190580149492 19
