1561885247944 0.7360833339373271 0
1561885247952 0.9281333322842916 1
1561885247960 0.9541333345413208 2
1561885247968 0.9667833340644837 3
1561885247976 0.9733166675249736 4
1561885247985 0.9768666664759318 5
1561885247992 0.9801000012715657 6
1561885248001 0.9833333344459534 7
1561885248009 0.9848999987602234 8
1561885248017 0.9861833336830139 9
1561885248025 0.9871666662851969 10
1561885248033 0.9886000010808309 11
1561885248041 0.9890500000635782 12
1561885248049 0.9902333344141643 13
1561885248057 0.9903833329200744 14
1561885248065 0.9910833320617676 15
1561885248073 0.9923333326339722 16
1561885248083 0.9932166669845581 17
1561885248091 0.9932833320299784 18
1561885248099 0.9939500007629395 19
