1561885247783 0.8491224015394847 0
1561885247791 0.2626126422246297 1
1561885247800 0.16642798489729563 2
1561885247808 0.12434509944518407 3
1561885247816 0.10019136365652084 4
1561885247824 0.08418960633675257 5
1561885247832 0.07349394075075785 6
1561885247840 0.0640890252908071 7
1561885247848 0.0570624943614006 8
1561885247856 0.05203891998728116 9
1561885247864 0.04777143889864286 10
1561885247872 0.04378047411640485 11
1561885247880 0.0409167566716671 12
1561885247888 0.0365366040011247 13
1561885247896 0.03549547651211421 14
1561885247904 0.03339486961166064 15
1561885247912 0.02961231078406175 16
1561885247920 0.026763719336191812 17
1561885247928 0.025670957579215368 18
1561885247936 0.02412844399611155 19
