1561932228807 0.9063333331743876 0
1561932228815 0.976266666507721 1
1561932228823 0.9847333332379659 2
1561932228832 0.9887166664441427 3
1561932228840 0.9912166664441426 4
1561932228847 0.9931666669209798 5
1561932228855 0.9943999998410543 6
1561932228863 0.9948333331743876 7
1561932228871 0.9960166667302449 8
1561932228879 0.9971166667302449 9
1561932228887 0.9975000001271566 10
1561932228895 0.9981333333969116 11
1561932228903 0.9985833333333334 12
1561932228911 0.9988833333333333 13
1561932228919 0.9990833335876464 14
1561932228926 0.9992166666666666 15
1561932228934 0.9993500000635783 16
1561932228942 0.9993333333333333 17
1561932228950 0.9992333333333333 18
1561932228958 0.99935 19
1561932228966 0.9994166666666666 20
1561932228974 0.9995333333333334 21
1561932228982 0.9994166666666666 22
1561932228990 0.99955 23
1561932228998 0.9992166666666666 24
1561932229006 0.9994500000635783 25
1561932229014 0.9996666666666667 26
1561932229022 0.9996666666666667 27
1561932229030 0.9996166666666667 28
1561932229038 0.99955 29
1561932229046 0.9995833333333334 30
1561932229054 0.9995166666666667 31
1561932229061 0.99945 32
1561932229069 0.9992500000635783 33
1561932229080 0.99895 34
1561932229089 0.999416666730245 35
1561932229097 0.99945 36
1561932229105 0.9993500000635783 37
1561932229113 0.9996166666666667 38
1561932229121 0.9996833333969116 39
1561932229129 0.9997666666666667 40
1561932229137 0.9997833333333334 41
1561932229145 0.9997333333969116 42
1561932229153 0.9994666667938232 43
1561932229161 0.99965 44
1561932229169 0.9996166666666667 45
1561932229177 0.99965 46
1561932229185 0.9999 47
1561932229193 0.9996833333333334 48
1561932229201 0.999616666730245 49
1561932229209 0.9994666666666666 50
1561932229217 0.999416666730245 51
1561932229225 0.9995166666666667 52
1561932229233 0.9995166666666667 53
1561932229241 0.99955 54
1561932229249 0.9997333333333334 55
1561932229257 0.99955 56
1561932229266 0.9996666666666667 57
1561932229274 0.9995333333333334 58
1561932229282 0.9997 59
1561932229290 0.9996166666666667 60
1561932229297 0.9995000000635783 61
1561932229306 0.99945 62
1561932229313 0.9994333334604899 63
1561932229321 0.9997 64
1561932229330 0.99965 65
1561932229338 0.999266666730245 66
1561932229346 0.9994333334604899 67
1561932229353 0.9995 68
1561932229361 0.99955 69
1561932229369 0.9995166666666667 70
1561932229377 0.9996333333333334 71
1561932229386 0.9997 72
1561932229394 0.9998166667302449 73
1561932229402 0.9999 74
1561932229410 0.9998166667302449 75
1561932229418 0.9998166666666667 76
1561932229426 0.9997333333333334 77
1561932229434 0.99975 78
1561932229443 0.9998333333969116 79
1561932229450 0.9997666666666667 80
1561932229459 0.9998166666666667 81
1561932229467 0.9999333333333333 82
1561932229475 0.9999 83
1561932229483 0.9996 84
1561932229491 0.9998666666666667 85
1561932229499 0.9997833333969116 86
1561932229508 0.9998 87
1561932229516 0.9999 88
1561932229524 0.9998166667302449 89
1561932229532 0.9998333333333334 90
1561932229540 0.9997833333333334 91
1561932229548 0.9996833333333334 92
1561932229556 0.9996666666666667 93
1561932229564 0.99955 94
1561932229572 0.9996333333333334 95
1561932229581 0.9997 96
1561932229589 0.999716666730245 97
1561932229597 0.9996666666666667 98
1561932229605 0.9996333333969116 99
