1561932228034 0.3032490475018819 0
1561932228042 0.08315447553396225 1
1561932228049 0.055111329329013824 2
1561932228057 0.04041769766807556 3
1561932228065 0.03231831875642141 4
1561932228072 0.02599124228755633 5
1561932228083 0.02108467542032401 6
1561932228090 0.01934937304655711 7
1561932228098 0.015794398071368534 8
1561932228105 0.01246025391916434 9
1561932228113 0.010734899294873078 10
1561932228121 0.009067683764298756 11
1561932228128 0.007829341766734919 12
1561932228136 0.0066128968025247255 13
1561932228143 0.005378017331163089 14
1561932228151 0.005061875646313031 15
1561932228159 0.004189469568431378 16
1561932228166 0.004080475411688288 17
1561932228174 0.0036849747692545257 18
1561932228182 0.0034670217720170816 19
1561932228189 0.0033997104596346617 20
1561932228197 0.002788057146407664 21
1561932228204 0.002886373988725245 22
1561932228212 0.0029178020947923265 23
1561932228220 0.003425741315012177 24
1561932228227 0.0030752577216674884 25
1561932228235 0.0022843958000962933 26
1561932228242 0.002042375925555825 27
1561932228250 0.0023489626893152793 28
1561932228258 0.002225800320568184 29
1561932228266 0.002010112278411786 30
1561932228273 0.0025953193372115495 31
1561932228281 0.0025565174857154487 32
1561932228288 0.003104757270216942 33
1561932228296 0.0037626516638944547 34
1561932228304 0.002616215457767248 35
1561932228311 0.0022962860714644193 36
1561932228319 0.002744666621585687 37
1561932228327 0.0018623794242739677 38
1561932228334 0.00146650275165836 39
1561932228342 0.0015481856612178187 40
1561932228350 0.001253530629662176 41
1561932228358 0.0013332566226522129 42
1561932228365 0.0016532882695396742 43
1561932228373 0.0016625019758939744 44
1561932228380 0.001344638064938287 45
1561932228388 0.0014262224162618319 46
1561932228396 0.0010643923218051593 47
1561932228404 0.001292732672020793 48
1561932228411 0.0014313181849817435 49
1561932228419 0.0018950030378066004 50
1561932228427 0.0017230128900458416 51
1561932228435 0.001946124326158315 52
1561932228442 0.0018192706062768896 53
1561932228450 0.0018636495783614616 54
1561932228458 0.0013135803690180181 55
1561932228465 0.0015162065248315532 56
1561932228473 0.0013097270986841371 57
1561932228481 0.0016035005890143415 58
1561932228488 0.001467684580758214 59
1561932228496 0.0014383932582413158 60
1561932228504 0.0019254051230847835 61
1561932228511 0.0019212607096880674 62
1561932228519 0.0016971430132786433 63
1561932228527 0.0013634421489822368 64
1561932228535 0.0014865721891866997 65
1561932228542 0.0022603155070294936 66
1561932228550 0.002045161616553863 67
1561932228558 0.0018430336136370897 68
1561932228565 0.0017918275012945135 69
1561932228573 0.001873654393479228 70
1561932228581 0.00130386884532248 71
1561932228589 0.0012541261399940898 72
1561932228596 0.0006705291025340557 73
1561932228604 0.0005251572547480464 74
1561932228612 0.0006452104189743599 75
1561932228620 0.0006749050411473339 76
1561932228628 0.0008233769270591438 77
1561932228635 0.0008847487077737848 78
1561932228643 0.0007999642312526702 79
1561932228651 0.0009210016140403847 80
1561932228659 0.0007998838757164777 81
1561932228667 0.0004234178615307125 82
1561932228675 0.00043710756668976196 83
1561932228682 0.0010620136696845293 84
1561932228690 0.0005974279433799286 85
1561932228698 0.0006498270355165005 86
1561932228706 0.0007598453788241992 87
1561932228714 0.00047460698693369826 88
1561932228722 0.0005803878042846918 89
1561932228729 0.0009126732828405996 90
1561932228737 0.0008295585681839535 91
1561932228745 0.001050397371004025 92
1561932228753 0.0012650150426042576 93
1561932228760 0.001500094447284937 94
1561932228768 0.0012214564315897103 95
1561932228776 0.0011847334877587855 96
1561932228784 0.000974129179554681 97
1561932228792 0.0009601214685166876 98
1561932228799 0.0011127108443528414 99
