1561945168557 0.1663999994277954 0
1561945168567 0.7613 1
1561945168576 0.8424000029563904 2
1561945168586 0.8787999967575073 3
1561945168595 0.9002000022888184 4
1561945168604 0.9167000051498413 5
1561945168614 0.9275000036239625 6
1561945168623 0.9405000040054321 7
1561945168633 0.9460999992370606 8
1561945168642 0.9531999980926513 9
1561945168652 0.9610999983787537 10
1561945168661 0.9641999955177307 11
1561945168670 0.9676000016212464 12
1561945168680 0.970099997997284 13
1561945168689 0.9746000008583069 14
1561945168698 0.9779000004768371 15
1561945168708 0.9806000000953674 16
1561945168717 0.9821999972343445 17
1561945168727 0.9848000011444091 18
1561945168737 0.9853999997138977 19
1561945168747 0.9858000029563904 20
1561945168756 0.9902000025749207 21
1561945168766 0.9915000040054321 22
1561945168776 0.9910999960899353 23
1561945168786 0.9918999982833863 24
1561945168796 0.9949000007629395 25
1561945168806 0.9947999989509583 26
1561945168815 0.9949999979019165 27
1561945168833 0.9957000050544739 28
1561945168854 0.9972999957084656 29
1561945168874 0.9968000032424926 30
1561945168890 0.9975999971389771 31
1561945168899 0.9979000032424927 32
1561945168909 0.9986000046730041 33
1561945168920 0.9988 34
1561945168929 0.9986999985694885 35
1561945168939 0.9984999957084656 36
1561945168954 0.9988 37
1561945168965 0.9998 38
1561945168977 0.9992999985694885 39
1561945168992 0.9993999985694886 40
1561945169001 0.9992000032424927 41
1561945169011 0.9997 42
1561945169021 0.9995000046730041 43
1561945169031 0.9997000046730041 44
1561945169040 0.9998 45
1561945169050 0.9997000046730041 46
1561945169060 0.9997 47
1561945169069 0.9998000046730041 48
1561945169083 0.9999 49
1561945169093 1.0 50
1561945169103 0.9999 51
1561945169113 1.0 52
1561945169122 0.9995999985694886 53
1561945169132 1.0 54
1561945169142 0.9999 55
1561945169152 0.9998 56
1561945169161 0.9999 57
1561945169171 0.9998 58
1561945169181 1.0 59
1561945169190 0.9998 60
1561945169200 0.9999 61
1561945169210 1.0 62
1561945169219 0.9999 63
1561945169229 0.9999000046730041 64
1561945169239 1.0 65
1561945169248 1.0 66
1561945169259 1.0 67
1561945169269 0.9999000046730041 68
1561945169281 1.0 69
1561945169291 1.0 70
1561945169301 1.0 71
1561945169312 1.0 72
1561945169321 1.0 73
1561945169335 1.0 74
1561945169345 1.0 75
1561945169355 1.0 76
1561945169368 1.0 77
1561945169377 1.0 78
1561945169387 0.9999 79
1561945169397 1.0 80
1561945169407 1.0 81
1561945169417 1.0 82
1561945169427 1.0 83
1561945169436 1.0 84
1561945169446 0.9999 85
1561945169456 1.0 86
1561945169466 1.0 87
1561945169477 1.0 88
1561945169487 1.0 89
1561945169497 1.0 90
1561945169508 1.0 91
1561945169518 1.0 92
1561945169529 1.0 93
1561945169539 1.0 94
1561945169549 1.0 95
1561945169559 1.0 96
1561945169569 1.0 97
1561945169580 1.0 98
1561945169590 1.0 99
1561945169599 1.0 100
1561945169609 1.0 101
1561945169619 1.0 102
1561945169629 1.0 103
1561945169638 1.0 104
1561945169648 1.0 105
1561945169658 1.0 106
1561945169668 1.0 107
1561945169678 1.0 108
1561945169687 1.0 109
1561945169697 1.0 110
1561945169707 1.0 111
1561945169717 1.0 112
1561945169726 1.0 113
1561945169736 1.0 114
1561945169746 1.0 115
1561945169756 1.0 116
1561945169765 1.0 117
1561945169776 1.0 118
1561945169786 1.0 119
1561945169796 1.0 120
1561945169806 1.0 121
1561945169816 1.0 122
1561945169827 0.9999 123
1561945169837 1.0 124
1561945169847 1.0 125
1561945169857 1.0 126
1561945169867 1.0 127
1561945169877 1.0 128
1561945169887 1.0 129
1561945169897 1.0 130
1561945169907 1.0 131
1561945169917 1.0 132
1561945169927 1.0 133
1561945169939 1.0 134
1561945169950 1.0 135
1561945169961 1.0 136
1561945169974 1.0 137
1561945169985 1.0 138
1561945169997 0.9999 139
1561945170008 1.0 140
1561945170019 1.0 141
1561945170031 1.0 142
1561945170043 1.0 143
1561945170053 1.0 144
1561945170064 1.0 145
1561945170078 1.0 146
1561945170092 1.0 147
1561945170102 1.0 148
1561945170112 1.0 149
1561945170123 1.0 150
1561945170134 1.0 151
1561945170145 1.0 152
1561945170155 1.0 153
1561945170166 1.0 154
1561945170177 1.0 155
1561945170187 1.0 156
1561945170197 1.0 157
1561945170207 1.0 158
1561945170218 1.0 159
1561945170228 1.0 160
1561945170238 1.0 161
1561945170248 1.0 162
1561945170259 1.0 163
1561945170271 1.0 164
1561945170282 1.0 165
1561945170293 1.0 166
1561945170303 1.0 167
1561945170313 1.0 168
1561945170324 1.0 169
1561945170334 1.0 170
1561945170344 1.0 171
1561945170355 1.0 172
1561945170366 1.0 173
1561945170376 1.0 174
1561945170386 1.0 175
1561945170397 1.0 176
1561945170408 1.0 177
1561945170417 1.0 178
1561945170428 1.0 179
1561945170438 1.0 180
1561945170449 1.0 181
1561945170460 1.0 182
1561945170470 1.0 183
1561945170480 1.0 184
1561945170490 1.0 185
1561945170502 1.0 186
1561945170512 1.0 187
1561945170523 1.0 188
1561945170535 1.0 189
1561945170545 1.0 190
1561945170555 1.0 191
1561945170566 1.0 192
1561945170578 1.0 193
1561945170588 1.0 194
1561945170598 1.0 195
1561945170610 1.0 196
1561945170620 1.0 197
1561945170630 1.0 198
1561945170641 1.0 199
