1561945170652 -1.5589984964370727 0
1561945170663 -0.21018096103668205 1
1561945170673 -0.14043924536705016 2
1561945170683 -0.09465771021842961 3
1561945170694 -0.06478983964920043 4
1561945170704 -0.04710802655220034 5
1561945170714 -0.03161880955696106 6
1561945170725 -0.017819889140129108 7
1561945170735 -0.010696498918533331 8
1561945170745 0.0019194242715835363 9
1561945170756 0.012790882110595703 10
1561945170766 0.02156342769861222 11
1561945170776 0.02122296942472457 12
1561945170786 0.020519421780109404 13
1561945170797 0.0270091303229332 14
1561945170807 0.040870251274108885 15
1561945170818 0.045088839840888975 16
1561945170828 0.043381324481964106 17
1561945170838 0.04850507308244706 18
1561945170848 0.04795234434008598 19
1561945170859 0.05429807726740837 20
1561945170869 0.059422032970190046 21
1561945170879 0.05537952362298965 22
1561945170890 0.04786688266396523 23
1561945170900 0.05177490437626838 24
1561945170911 0.05928619446158409 25
1561945170921 0.0655991876333952 26
1561945170932 0.06294333978295326 27
1561945170943 0.06143210737109184 28
1561945170954 0.0602730026692152 29
1561945170965 0.05716480422317982 30
1561945170976 0.05608645614683627 31
1561945170987 0.05401014682948589 32
1561945170998 0.05308872621804475 33
1561945171009 0.05307011613994837 34
1561945171019 0.0536874549165368 35
1561945171029 0.05533242540657521 36
1561945171040 0.05558039380311966 37
1561945171050 0.056674284538626676 38
1561945171061 0.056113284379243844 39
1561945171072 0.05574237235337495 40
1561945171084 0.05398365369439125 41
1561945171095 0.05451288692057133 42
1561945171105 0.05468035768419505 43
1561945171116 0.055497216251492495 44
1561945171126 0.05685163157656789 45
1561945171138 0.0559609897904098 46
1561945171149 0.05356797196790576 47
1561945171161 0.05415386151522398 48
1561945171176 0.05459662810340524 49
1561945171188 0.05532212022393942 50
1561945171201 0.055241779814660545 51
1561945171212 0.05431059517413378 52
1561945171228 0.05250676449462772 53
1561945171243 0.052691738528013225 54
1561945171260 0.053231904873996976 55
1561945171282 0.05354182758927346 56
1561945171297 0.05282203784510493 57
1561945171311 0.05209278832152486 58
1561945171323 0.051893982066959145 59
1561945171334 0.05210163618549704 60
1561945171347 0.053122701674699783 61
1561945171358 0.053314108347147705 62
1561945171369 0.05127112429738045 63
1561945171380 0.050256077159941195 64
1561945171390 0.050302905756235125 65
1561945171401 0.05115511631332338 66
1561945171411 0.05167957103252411 67
1561945171421 0.05257081148400902 68
1561945171431 0.05293558251708746 69
1561945171442 0.052712478387728336 70
1561945171453 0.051995639975741505 71
1561945171464 0.05111358831636608 72
1561945171475 0.050305719553679226 73
1561945171490 0.04991591111943126 74
1561945171500 0.05059633050896228 75
1561945171514 0.05139085523188114 76
1561945171526 0.05154795574210584 77
1561945171536 0.05112945263758302 78
1561945171548 0.050758014921098944 79
1561945171562 0.05002213792912662 80
1561945171573 0.04989207109250128 81
1561945171583 0.05012883446216584 82
1561945171598 0.050904590433090924 83
1561945171609 0.051185203371942045 84
1561945171619 0.051095013638027015 85
1561945171630 0.05083149560056627 86
1561945171645 0.05091461321115494 87
1561945171655 0.05081635388918221 88
1561945171666 0.05087254552021622 89
1561945171676 0.050837704511545595 90
1561945171689 0.05079439999368042 91
1561945171702 0.050814598855562505 92
1561945171713 0.050933873229101305 93
1561945171724 0.05082684833705425 94
1561945171734 0.05070786316618323 95
1561945171748 0.05125204982738942 96
1561945171759 0.051133983947709204 97
1561945171770 0.05017963731158524 98
1561945171780 0.04994378730673343 99
1561945171793 0.050267788440175355 100
1561945171805 0.05052634932827205 101
1561945171815 0.05123487997278571 102
1561945171826 0.051689934970997276 103
1561945171837 0.051985123194754124 104
1561945171851 0.051414649523794646 105
1561945171862 0.05107183343060315 106
1561945171872 0.050840053868852556 107
1561945171887 0.05058445195481181 108
1561945171898 0.050905968387052414 109
1561945171908 0.05066069047246128 110
1561945171919 0.05029655376523733 111
1561945171934 0.0503841925598681 112
1561945171945 0.05078971243016422 113
1561945171955 0.050941318003460766 114
1561945171969 0.05123391803558916 115
1561945171980 0.051165610991604625 116
1561945171991 0.0511061035612598 117
1561945172006 0.05083958701193333 118
1561945172017 0.05084723488204181 119
1561945172028 0.05082725310008973 120
1561945172039 0.050817740999907254 121
1561945172050 0.05091000966895371 122
1561945172060 0.051032456330396235 123
1561945172070 0.051368475578539075 124
1561945172084 0.05133539661392569 125
1561945172095 0.05115411192905158 126
1561945172105 0.05110868962071836 127
1561945172116 0.051310054499283435 128
1561945172126 0.051358114409260455 129
1561945172137 0.05091130583919585 130
1561945172149 0.05110700705442578 131
1561945172159 0.05137427039500326 132
1561945172170 0.05152938644746318 133
1561945172181 0.051525966577976944 134
1561945172191 0.05188079472230747 135
1561945172202 0.051801319888606666 136
1561945172213 0.05140446210782975 137
1561945172223 0.0508560106514953 138
1561945172234 0.05076891249250621 139
1561945172244 0.05089454711610451 140
1561945172255 0.05097533472627401 141
1561945172266 0.05140873528933153 142
1561945172276 0.05195630946028977 143
1561945172287 0.05234633679492399 144
1561945172297 0.052074753704387695 145
1561945172308 0.051680853134393696 146
1561945172318 0.051239183164853604 147
1561945172329 0.05113460021223873 148
1561945172339 0.05115977113451809 149
1561945172350 0.05135663352422416 150
1561945172360 0.05116179542606697 151
1561945172371 0.051064000421762464 152
1561945172382 0.05088908247444778 153
1561945172393 0.05075044390354305 154
1561945172404 0.05070902944281697 155
1561945172414 0.050612015754543244 156
1561945172426 0.050775073202885684 157
1561945172448 0.05106309546213597 158
1561945172471 0.051394965416193004 159
1561945172484 0.05159631189405918 160
1561945172506 0.05186089231269434 161
1561945172517 0.05212854351643473 162
1561945172531 0.05209717048080638 163
1561945172549 0.05203462706133723 164
1561945172559 0.05180225480878725 165
1561945172570 0.05162145060058683 166
1561945172580 0.051583412908017635 167
1561945172590 0.05170262178201228 168
1561945172600 0.05185243207793683 169
1561945172610 0.05207048146240414 170
1561945172620 0.05198229019055143 171
1561945172631 0.05217878474285826 172
1561945172641 0.0521471190280281 173
1561945172651 0.052017797040566804 174
1561945172661 0.051918152368068696 175
1561945172672 0.051996016934607175 176
1561945172682 0.05203830123394727 177
1561945172692 0.0520320726136677 178
1561945172702 0.05188404215211049 179
1561945172712 0.05174962635617703 180
1561945172722 0.051478092565666884 181
1561945172733 0.051631771471258255 182
1561945172744 0.05173344439109787 183
1561945172755 0.05183159198188223 184
1561945172765 0.05178817097125575 185
1561945172776 0.051673075475543735 186
1561945172786 0.05166220466559753 187
1561945172797 0.051478724883217364 188
1561945172808 0.051337540061958134 189
1561945172819 0.05129123856574297 190
1561945172829 0.051495978971850126 191
1561945172840 0.05177522263629362 192
1561945172850 0.0520303068713285 193
1561945172861 0.05219971581799909 194
1561945172871 0.052176702897064386 195
1561945172882 0.05210623781438917 196
1561945172893 0.052183821103721856 197
1561945172903 0.05209783525234088 198
1561945172914 0.0518770091556944 199
