1561945166463 2.5574628728866577 0
1561945166473 0.7536217597961425 1
1561945166482 0.5052324344158172 2
1561945166493 0.3964027346611023 3
1561945166502 0.32597789540290834 4
1561945166513 0.2780595465183258 5
1561945166523 0.23975248656272888 6
1561945166534 0.20436571152210237 7
1561945166544 0.18178904705047608 8
1561945166555 0.15992609443664552 9
1561945166564 0.14143968439102172 10
1561945166575 0.124615249979496 11
1561945166585 0.11251901553869248 12
1561945166595 0.10312496945858002 13
1561945166605 0.09165635839700699 14
1561945166615 0.07941235789060593 15
1561945166625 0.0734476970911026 16
1561945166636 0.06910503582954407 17
1561945166646 0.059282492864131925 18
1561945166656 0.056503138798475266 19
1561945166666 0.05065787096619606 20
1561945166677 0.04385388938784599 21
1561945166687 0.03903995634317398 22
1561945166697 0.038821201223134996 23
1561945166707 0.03398657070994377 24
1561945166717 0.03078750441670418 25
1561945166727 0.028090887346863748 26
1561945166738 0.027223841410875322 27
1561945166748 0.024161546963453292 28
1561945166758 0.0212300393730402 29
1561945166768 0.020947828349471093 30
1561945166778 0.01850997814834118 31
1561945166789 0.016955379632115363 32
1561945166799 0.01594402927607298 33
1561945166809 0.014393400810658931 34
1561945166819 0.013964146219193936 35
1561945166828 0.013141856440901756 36
1561945166838 0.012779054033756256 37
1561945166847 0.010874440053105354 38
1561945166857 0.010536656647920608 39
1561945166877 0.009648022453486919 40
1561945166892 0.009833754748106003 41
1561945166902 0.008619598558545112 42
1561945166912 0.0084130635663867 43
1561945166922 0.008090015026926994 44
1561945166933 0.007336609547585249 45
1561945166943 0.00680475894883275 46
1561945166954 0.007149852789193392 47
1561945166963 0.0066618663147091865 48
1561945166973 0.006562537159770727 49
1561945166983 0.005916836585104466 50
1561945166994 0.005793148835003376 51
1561945167004 0.005437451522052288 52
1561945167014 0.005900705165416002 53
1561945167024 0.005138163793087005 54
1561945167034 0.004883148451894521 55
1561945167044 0.004627440154552459 56
1561945167055 0.004589892477542162 57
1561945167065 0.004399412738531828 58
1561945167077 0.004134890571981668 59
1561945167087 0.004053038016706705 60
1561945167097 0.00395965164899826 61
1561945167108 0.0036351626463234426 62
1561945167117 0.003739471709728241 63
1561945167128 0.0035597320005297662 64
1561945167140 0.0035459226191043853 65
1561945167152 0.0032301206652075054 66
1561945167164 0.0033519963920116426 67
1561945167175 0.003192200507968664 68
1561945167187 0.003107463748753071 69
1561945167201 0.003112512719258666 70
1561945167216 0.0030106129985302686 71
1561945167227 0.003002792226150632 72
1561945167237 0.0029819273956120016 73
1561945167248 0.003072876114398241 74
1561945167258 0.0027774331416934727 75
1561945167268 0.002510897180438042 76
1561945167278 0.0025462491903454065 77
1561945167288 0.0025394714556634425 78
1561945167298 0.0023568151257932187 79
1561945167309 0.002569322596862912 80
1561945167327 0.002437600051984191 81
1561945167337 0.0025580663025379182 82
1561945167346 0.002192632580548525 83
1561945167356 0.0021716924622654913 84
1561945167366 0.0020385983986780046 85
1561945167376 0.0021116996828466654 86
1561945167386 0.001873142695426941 87
1561945167396 0.0019305026214569807 88
1561945167405 0.002038510849326849 89
1561945167418 0.001898036984540522 90
1561945167428 0.0017292468974366784 91
1561945167438 0.0017300264863297343 92
1561945167451 0.001713059015199542 93
1561945167462 0.0017602463275194168 94
1561945167472 0.0018036502458155155 95
1561945167481 0.001583344435878098 96
1561945167491 0.0016192981820553542 97
1561945167504 0.0017939977956935764 98
1561945167524 0.0016697263715788721 99
1561945167545 0.0014640675781294704 100
1561945167565 0.001611768283136189 101
1561945167576 0.0014252566672861577 102
1561945167587 0.0014807466546073555 103
1561945167597 0.001377277784049511 104
1561945167607 0.0014202282950282097 105
1561945167617 0.0012825050663203001 106
1561945167628 0.0013192700916901232 107
1561945167638 0.0014882126338779927 108
1561945167648 0.0012652095962315797 109
1561945167658 0.0013426310559734702 110
1561945167668 0.0012896825924515725 111
1561945167678 0.0012023029290139675 112
1561945167688 0.0011752756226807832 113
1561945167698 0.0013007242102175951 114
1561945167707 0.001236616557277739 115
1561945167717 0.0012332750333473087 116
1561945167726 0.0010941598793491722 117
1561945167736 0.0011655544847249985 118
1561945167745 0.0010843730200082063 119
1561945167755 0.001140468123741448 120
1561945167764 0.0010560008354485034 121
1561945167774 0.001091252608411014 122
1561945167783 0.0011909665247425438 123
1561945167792 0.0010184265153482556 124
1561945167801 0.001051629338413477 125
1561945167811 0.0010386726783588528 126
1561945167820 0.0010514964316040278 127
1561945167830 0.001128768127784133 128
1561945167839 0.0010271288873627783 129
1561945167849 0.0010964313503354789 130
1561945167859 0.0009392925223335624 131
1561945167868 0.0010046475673094392 132
1561945167878 0.0009387946262024343 133
1561945167888 0.0010090596444904804 134
1561945167897 0.0008951112146489322 135
1561945167907 0.0010519028689712287 136
1561945167916 0.0009765479179099202 137
1561945167926 0.0010046680212952197 138
1561945167936 0.000992341430671513 139
1561945167945 0.0008695800787769259 140
1561945167955 0.0008801225796341896 141
1561945167964 0.0008845386364497244 142
1561945167974 0.000840569414012134 143
1561945167983 0.0007671963443048298 144
1561945167993 0.0008208738836459815 145
1561945168002 0.000790565276145935 146
1561945168012 0.000830240689497441 147
1561945168021 0.0007957157591357827 148
1561945168031 0.0008379016915336251 149
1561945168040 0.0007271671492606401 150
1561945168050 0.0008344509118236601 151
1561945168059 0.0007631102561950683 152
1561945168068 0.0007464172115549445 153
1561945168080 0.0008031828125938773 154
1561945168090 0.0007612394027411937 155
1561945168100 0.0007424677008762956 156
1561945168109 0.000709994194470346 157
1561945168119 0.0006995631935074925 158
1561945168130 0.000683704161643982 159
1561945168143 0.0007036068767309188 160
1561945168153 0.0006746304760687054 161
1561945168168 0.0005853558277711272 162
1561945168181 0.0006510273727588355 163
1561945168191 0.0006726217158138752 164
1561945168205 0.0006313783398829401 165
1561945168222 0.0006626625979319215 166
1561945168231 0.0006742909923195838 167
1561945168241 0.0006634430645033717 168
1561945168251 0.0006085765602067113 169
1561945168261 0.0005929763484746218 170
1561945168271 0.0007218981265090406 171
1561945168280 0.0006028306336142123 172
1561945168290 0.0006334535353817045 173
1561945168301 0.0006492411021143198 174
1561945168311 0.0005825847625732422 175
1561945168321 0.0005340139417909086 176
1561945168330 0.0005590322569012641 177
1561945168344 0.000561230977345258 178
1561945168353 0.0005695346808992326 179
1561945168363 0.0005845515253022313 180
1561945168373 0.0006124041532166302 181
1561945168385 0.0005375268795527518 182
1561945168395 0.0005468444840051234 183
1561945168404 0.0005310302493628115 184
1561945168414 0.0005683458370156587 185
1561945168424 0.0005399137653410435 186
1561945168433 0.0005403313511051237 187
1561945168443 0.000544904603343457 188
1561945168453 0.0004773861451074481 189
1561945168462 0.0005176531180739402 190
1561945168472 0.0005072543417103589 191
1561945168481 0.0005062630702741444 192
1561945168491 0.0005135332389734686 193
1561945168500 0.0005088487614877522 194
1561945168510 0.0005148724215105176 195
1561945168519 0.0005405936682596803 196
1561945168529 0.0004641778253018856 197
1561945168539 0.00047263394827023146 198
1561945168548 0.0005266945040784776 199
