1561933673087 0.6937333333015442 0
1561933673096 0.8750499999682109 1
1561933673104 0.9036166666666666 2
1561933673113 0.9175666666348775 3
1561933673125 0.9281 4
1561933673134 0.9350333333651225 5
1561933673143 0.9387166666348775 6
1561933673151 0.9426500000317891 7
1561933673159 0.9442500000317892 8
1561933673168 0.9465 9
1561933673177 0.9483 10
1561933673186 0.9516166666984558 11
1561933673194 0.9525833333651225 12
1561933673202 0.9542333333651225 13
1561933673211 0.9561333333015442 14
1561933673219 0.9555833333333333 15
1561933673227 0.9589166666348775 16
1561933673236 0.9595500000317891 17
1561933673244 0.9597166666348775 18
1561933673253 0.9557000000317891 19
1561933673261 0.9606333333333333 20
1561933673269 0.9625833333333333 21
1561933673278 0.9638500000317891 22
1561933673286 0.9640333333015442 23
1561933673294 0.96515 24
1561933673303 0.96725 25
1561933673311 0.9646999999682109 26
1561933673319 0.9669 27
1561933673327 0.9659166666984558 28
1561933673335 0.9665833333015442 29
1561933673343 0.9677666666984558 30
1561933673352 0.9682999999682108 31
1561933673360 0.9681333333333333 32
1561933673368 0.9694666666666667 33
1561933673376 0.9703999999682108 34
1561933673384 0.9692833333333334 35
1561933673392 0.9686333333651225 36
1561933673401 0.9691000000317892 37
1561933673409 0.9704166666348776 38
1561933673417 0.9703833333015441 39
1561933673427 0.9715833333015442 40
1561933673446 0.97115 41
1561933673460 0.9707999999682109 42
1561933673468 0.9717666666348775 43
1561933673477 0.9719333333015442 44
1561933673485 0.9723333333651225 45
1561933673494 0.9736833333651225 46
1561933673502 0.9718333333015442 47
1561933673515 0.9700166666666666 48
1561933673523 0.9722333333333333 49
1561933673531 0.9729333333651224 50
1561933673539 0.9731833333015442 51
1561933673548 0.9705333333015442 52
1561933673555 0.9736499999682109 53
1561933673563 0.9748666666348775 54
1561933673571 0.9751666666984559 55
1561933673580 0.9742500000317892 56
1561933673588 0.9752666666666666 57
1561933673596 0.975 58
1561933673604 0.9746833333333333 59
1561933673612 0.9759833333015442 60
1561933673620 0.9756333333651225 61
1561933673628 0.9751666666348775 62
1561933673636 0.9769333333015442 63
1561933673644 0.9765000000317892 64
1561933673652 0.9755999999682109 65
1561933673660 0.9766000000317892 66
1561933673668 0.9756333333015442 67
1561933673676 0.97505 68
1561933673684 0.9757000000317891 69
1561933673692 0.9762833333015442 70
1561933673700 0.9735833333651225 71
1561933673709 0.9770333333333333 72
1561933673717 0.9771999999682108 73
1561933673725 0.9771166666984558 74
1561933673733 0.9765833333333334 75
1561933673741 0.9777833333333333 76
1561933673749 0.9780333333651224 77
1561933673757 0.9785833333333334 78
1561933673765 0.97825 79
1561933673773 0.9775 80
1561933673781 0.9779000000317891 81
1561933673789 0.9784499999682108 82
1561933673797 0.9783333333015442 83
1561933673805 0.9784833333333334 84
1561933673813 0.9792666666666666 85
1561933673821 0.9782166666348775 86
1561933673829 0.9775499999682109 87
1561933673837 0.9775833333015442 88
1561933673845 0.9788833333651225 89
1561933673853 0.97775 90
1561933673861 0.9782166666348775 91
1561933673870 0.9784 92
1561933673878 0.9783333333333334 93
1561933673886 0.9790166666984558 94
1561933673894 0.9794833333015441 95
1561933673902 0.9798166666666667 96
1561933673910 0.9797833333333333 97
1561933673918 0.9804 98
1561933673926 0.9791500000317891 99
