1561933672238 1.0410251304626466 0
1561933672246 0.4852072723229726 1
1561933672255 0.35660140482584635 2
1561933672263 0.29263792405923206 3
1561933672272 0.2514394440571467 4
1561933672280 0.22370972901980082 5
1561933672289 0.20748939960797627 6
1561933672298 0.19334430026213328 7
1561933672306 0.18202222543557484 8
1561933672314 0.17186908258597056 9
1561933672322 0.1634062078555425 10
1561933672331 0.154046412674586 11
1561933672340 0.14789457088311514 12
1561933672348 0.14387014412085214 13
1561933672356 0.13679663207530976 14
1561933672364 0.13657783475319543 15
1561933672372 0.1276800749619802 16
1561933672382 0.12590037251313527 17
1561933672391 0.12278484121958415 18
1561933672399 0.13153774871031443 19
1561933672407 0.12080650891462962 20
1561933672416 0.11344358767271041 21
1561933672429 0.11338304878075918 22
1561933672437 0.10944901337623596 23
1561933672446 0.10414684587717056 24
1561933672454 0.10077360000610351 25
1561933672468 0.10243430455525716 26
1561933672476 0.09949972916444143 27
1561933672485 0.10302238018512726 28
1561933672493 0.10154375434319178 29
1561933672505 0.09560408361752828 30
1561933672513 0.09365639507770539 31
1561933672522 0.09205616482893626 32
1561933672533 0.08921360366940498 33
1561933672541 0.08755548644463221 34
1561933672552 0.08877997325658799 35
1561933672560 0.09101033788919449 36
1561933672568 0.08977023771603902 37
1561933672576 0.08455079509019851 38
1561933672585 0.08410165475209554 39
1561933672593 0.08112353270053864 40
1561933672601 0.08238542180061341 41
1561933672609 0.08461794322331746 42
1561933672617 0.08195502316157023 43
1561933672627 0.0805731343348821 44
1561933672635 0.07783172633250554 45
1561933672643 0.0751416253666083 46
1561933672651 0.07823458480437596 47
1561933672659 0.08519729247887929 48
1561933672667 0.07967834437290827 49
1561933672676 0.07513679633140564 50
1561933672684 0.0747928964972496 51
1561933672692 0.08377515818675359 52
1561933672700 0.07204565242429574 53
1561933672708 0.07151304558912913 54
1561933672716 0.07055301332473755 55
1561933672724 0.07118516205151876 56
1561933672732 0.06910507840315501 57
1561933672740 0.06917955012321472 58
1561933672748 0.07045026992162069 59
1561933672756 0.06680966664155324 60
1561933672764 0.06791290117899577 61
1561933672774 0.06915756261348724 62
1561933672782 0.06434133221805095 63
1561933672790 0.06439793331225713 64
1561933672798 0.06651773517330488 65
1561933672806 0.06326039432088534 66
1561933672814 0.06518193538188935 67
1561933672822 0.0683497882882754 68
1561933672831 0.066285712993145 69
1561933672839 0.06201770434975624 70
1561933672847 0.07349687299927075 71
1561933672855 0.06353381697336832 72
1561933672863 0.06247440185546875 73
1561933672872 0.06142349152565003 74
1561933672880 0.06200057642459869 75
1561933672888 0.06048526332378387 76
1561933672896 0.05949831012487412 77
1561933672905 0.05848728533983231 78
1561933672913 0.059131881408890086 79
1561933672921 0.05956077864567439 80
1561933672929 0.06154929739832878 81
1561933672937 0.05725580695470174 82
1561933672945 0.05703213260571162 83
1561933672954 0.057685325813293456 84
1561933672962 0.055585888944069545 85
1561933672970 0.0579329926153024 86
1561933672978 0.058857482304175694 87
1561933672986 0.058734077380100884 88
1561933672995 0.055922973306973774 89
1561933673003 0.05835831153790156 90
1561933673011 0.057675841386119524 91
1561933673019 0.05428005577723185 92
1561933673027 0.05696043177843094 93
1561933673035 0.05653715677261353 94
1561933673044 0.05350774451891581 95
1561933673052 0.052487533084551494 96
1561933673060 0.05454558041493098 97
1561933673068 0.05188059941132863 98
1561933673079 0.05527735194365183 99
