1561886302708 0.8920333333015442 0
1561886302716 0.9653833333015442 1
1561886302724 0.9742833333015442 2
1561886302732 0.97815 3
1561886302740 0.9801833333333333 4
1561886302748 0.98275 5
1561886302756 0.9827499999682109 6
1561886302764 0.9849166666984558 7
1561886302772 0.9862166666666666 8
1561886302780 0.9875833333015442 9
1561886302788 0.9877166666666667 10
1561886302796 0.9883499999682108 11
1561886302804 0.9887333333015442 12
1561886302821 0.9884499999682108 13
1561886302829 0.9895666666348775 14
1561886302838 0.99025 15
1561886302846 0.9910999999682109 16
1561886302855 0.9908833333333333 17
1561886302864 0.9923166666666666 18
1561886302872 0.99185 19
