1561886302546 0.4004774974266688 0
1561886302554 0.13435048859914145 1
1561886302562 0.09534684610764185 2
1561886302570 0.08090897658665976 3
1561886302578 0.06982908725043138 4
1561886302586 0.06124168309768041 5
1561886302594 0.05968922452330589 6
1561886302602 0.05118916239142418 7
1561886302610 0.0476440685475866 8
1561886302618 0.0433420066634814 9
1561886302628 0.04189766024003426 10
1561886302636 0.03927155137062073 11
1561886302644 0.03932534887989362 12
1561886302652 0.03760003714561463 13
1561886302660 0.033137832819422085 14
1561886302668 0.030577204871177672 15
1561886302676 0.02923786645680666 16
1561886302683 0.02835357453028361 17
1561886302691 0.025389544589817525 18
1561886302699 0.02588288982063532 19
