1561886432729 0.6622166653633118 0
1561886432737 0.8820500008265177 1
1561886432746 0.9227000006039937 2
1561886432753 0.9419333344459534 3
1561886432762 0.95258333457311 4
1561886432769 0.96055 5
1561886432777 0.9659999989827474 6
1561886432786 0.9709999998410542 7
1561886432794 0.9725666663487752 8
1561886432802 0.9745999998092651 9
1561886432810 0.9772166677792867 10
1561886432818 0.9785333331425985 11
1561886432826 0.9788333341598511 12
1561886432834 0.9811833322525024 13
1561886432842 0.9816833342870076 14
1561886432850 0.9827499989191691 15
1561886432858 0.98411666542689 16
1561886432867 0.9838500000635783 17
1561886432875 0.984233332379659 18
1561886432883 0.9857166657129923 19
