1561886432568 1.0909103905042012 0
1561886432576 0.4516637655735016 1
1561886432584 0.3109280787785848 2
1561886432592 0.2357610047896703 3
1561886432600 0.19004125713507333 4
1561886432609 0.15820087292989096 5
1561886432617 0.13646807688077292 6
1561886432625 0.11960583257675171 7
1561886432633 0.10879560254414876 8
1561886432641 0.09907513848145803 9
1561886432649 0.09062199151118597 10
1561886432657 0.08469698115984599 11
1561886432665 0.0817646244764328 12
1561886432673 0.07392896727323532 13
1561886432681 0.07149931767384211 14
1561886432689 0.06720142071247101 15
1561886432697 0.062222221833467484 16
1561886432705 0.06256720864772797 17
1561886432713 0.05992914502819379 18
1561886432721 0.05498837479750315 19
