1561943597259 0.11670000069141388 0
1561943597268 0.23150000224113465 1
1561943597277 0.34949999918937685 2
1561943597286 0.43080000205039976 3
1561943597295 0.5031000027656555 4
1561943597304 0.568499998664856 5
1561943597313 0.6110000011444092 6
1561943597321 0.6520000015258789 7
1561943597330 0.6859999989509582 8
1561943597339 0.7104000012397766 9
1561943597349 0.7382000032424927 10
1561943597358 0.7592000045776367 11
1561943597367 0.7771000052452087 12
1561943597377 0.7861000037193299 13
1561943597386 0.8045000003814697 14
1561943597395 0.812499997806549 15
1561943597404 0.8245000049591065 16
1561943597412 0.8357000020027161 17
1561943597421 0.8460999961853027 18
1561943597430 0.854699996471405 19
1561943597439 0.8636000029563904 20
1561943597448 0.8698000046730041 21
1561943597457 0.8746000024795533 22
1561943597466 0.8792000053405762 23
1561943597475 0.8828 24
1561943597484 0.8894000038146973 25
1561943597494 0.8964000030517578 26
1561943597503 0.9005999980926513 27
1561943597512 0.8979999980926514 28
1561943597521 0.9054000016212463 29
1561943597531 0.9074000000953675 30
1561943597540 0.911599997997284 31
1561943597549 0.9121000051498414 32
1561943597559 0.9183000000953674 33
1561943597568 0.9190999998092652 34
1561943597577 0.9239999986648559 35
1561943597587 0.9225999976158142 36
1561943597596 0.9215999975204467 37
1561943597605 0.9250999950408936 38
1561943597614 0.9266999975204467 39
1561943597623 0.9307999960899354 40
1561943597632 0.9349999979019165 41
1561943597641 0.9328000050544739 42
1561943597650 0.9355999953269959 43
1561943597659 0.9355999979019165 44
1561943597668 0.9387999981880188 45
1561943597677 0.9382999996185303 46
1561943597686 0.9401999985694885 47
1561943597695 0.9398999981880188 48
1561943597704 0.9432999974250793 49
1561943597713 0.9452000024795533 50
1561943597722 0.9436000017166137 51
1561943597731 0.9483999988555908 52
1561943597740 0.9512000027656555 53
1561943597749 0.9496999959945679 54
1561943597758 0.9477000053405762 55
1561943597767 0.9488999956130981 56
1561943597776 0.9509999962806701 57
1561943597785 0.9507999974250794 58
1561943597794 0.9541000024795532 59
1561943597803 0.9544999980926514 60
1561943597812 0.9558999984741211 61
1561943597821 0.9563000038146973 62
1561943597830 0.9547999970436096 63
1561943597839 0.9556000009536744 64
1561943597848 0.9572999999046325 65
1561943597857 0.9599000038146973 66
1561943597866 0.9586000005722046 67
1561943597875 0.9597000027656555 68
1561943597884 0.9584999948501587 69
1561943597893 0.9618999948501586 70
1561943597902 0.9623000023841858 71
1561943597911 0.9613000023841858 72
1561943597920 0.9614999962806702 73
1561943597929 0.9619000013351441 74
1561943597938 0.9641000038146973 75
1561943597947 0.9631000009536743 76
1561943597956 0.9652000001907348 77
1561943597965 0.9636000016212464 78
1561943597974 0.9644999991416932 79
1561943597983 0.9674000005722045 80
1561943597992 0.9668999969482421 81
1561943598001 0.9662999969482422 82
1561943598011 0.9677999965667725 83
1561943598020 0.9682000030517578 84
1561943598029 0.9693999994277954 85
1561943598038 0.9692999955177307 86
1561943598047 0.9670999969482422 87
1561943598056 0.9689000009536743 88
1561943598065 0.969699995136261 89
1561943598075 0.9706000001907349 90
1561943598087 0.9702999998092652 91
1561943598096 0.970400004863739 92
1561943598105 0.9716999983787536 93
1561943598114 0.9720000044822693 94
1561943598123 0.9740999994277955 95
1561943598132 0.971199997997284 96
1561943598142 0.9724000008583069 97
1561943598151 0.9715000022888184 98
1561943598160 0.9735000022888184 99
1561943598169 0.9725999955177307 100
1561943598180 0.9747999965667724 101
1561943598189 0.9743999987602234 102
1561943598198 0.9749000026702881 103
1561943598207 0.9746999976158142 104
1561943598216 0.9768000004768371 105
1561943598225 0.9747000051498413 106
1561943598234 0.9758000012397766 107
1561943598244 0.9762000051498413 108
1561943598253 0.9749000026702881 109
1561943598262 0.9762000008583069 110
1561943598271 0.9764999961853027 111
1561943598280 0.9756000008583069 112
1561943598290 0.9774999990463257 113
1561943598299 0.9767999972343445 114
1561943598308 0.9766999951362609 115
1561943598317 0.9792000026702881 116
1561943598326 0.9791999968528747 117
1561943598335 0.9781000022888183 118
1561943598345 0.9782000004768372 119
1561943598354 0.9772000004768372 120
1561943598363 0.9785999976158142 121
1561943598372 0.9779000008583069 122
1561943598382 0.9795000004768372 123
1561943598391 0.9788000041007996 124
1561943598400 0.976899995803833 125
1561943598409 0.9799999972343445 126
1561943598418 0.979999995803833 127
1561943598427 0.9809999972343445 128
1561943598437 0.9802000037193298 129
1561943598446 0.9805000041007995 130
1561943598455 0.9830000047683716 131
1561943598464 0.9800000026702881 132
1561943598474 0.9808000047683716 133
1561943598483 0.9825999972343444 134
1561943598492 0.9795999947547913 135
1561943598501 0.9821000047683716 136
1561943598510 0.9828000047683716 137
1561943598520 0.9816999968528748 138
1561943598529 0.9833000004768372 139
1561943598538 0.9829000015258789 140
1561943598547 0.9847000000953674 141
1561943598556 0.9831000047683716 142
1561943598566 0.9839000015258789 143
1561943598575 0.9833000000953674 144
1561943598585 0.9844999997138977 145
1561943598594 0.9854000043869019 146
1561943598604 0.9828000004768371 147
1561943598613 0.9833999982833862 148
1561943598622 0.9830000000953675 149
1561943598632 0.9845999982833862 150
1561943598641 0.9847000000953674 151
1561943598650 0.9836000047683716 152
1561943598659 0.9844999986648559 153
1561943598669 0.9847000029563904 154
1561943598678 0.9839000015258789 155
1561943598687 0.9846000047683716 156
1561943598696 0.9856999986648559 157
1561943598706 0.9836999968528748 158
1561943598715 0.985899998664856 159
1561943598724 0.9857999968528748 160
1561943598733 0.9858000025749206 161
1561943598742 0.9834999954223633 162
1561943598752 0.9849999950408935 163
1561943598761 0.9864000040054322 164
1561943598770 0.9864000043869019 165
1561943598780 0.9874999950408936 166
1561943598789 0.9872999950408936 167
1561943598798 0.989299996471405 168
1561943598807 0.9859000015258789 169
1561943598817 0.9878999997138977 170
1561943598826 0.9871999950408935 171
1561943598835 0.9867000043869019 172
1561943598844 0.9872000000953675 173
1561943598854 0.9879999954223633 174
1561943598863 0.9886999946594238 175
1561943598872 0.988499995803833 176
1561943598881 0.9872999982833862 177
1561943598891 0.9888000043869019 178
1561943598900 0.988299996471405 179
1561943598909 0.989199996471405 180
1561943598918 0.9874999950408936 181
1561943598928 0.9885000011444092 182
1561943598937 0.9895999950408936 183
1561943598946 0.9882000043869018 184
1561943598955 0.9883000007629394 185
1561943598965 0.9905000025749207 186
1561943598974 0.989100001525879 187
1561943598983 0.9871000043869018 188
1561943598992 0.9892999960899354 189
1561943599002 0.9901999950408935 190
1561943599011 0.9876000033378601 191
1561943599021 0.989999999332428 192
1561943599030 0.9909999979019165 193
1561943599039 0.9883999950408936 194
1561943599048 0.9895000040054321 195
1561943599058 0.9897999979019165 196
1561943599067 0.9913000040054322 197
1561943599079 0.9902000025749207 198
1561943599088 0.990399996471405 199
