1561943599098 -0.6070891387939454 0
1561943599107 -0.4664182395935057 1
1561943599117 -0.36357218303680416 2
1561943599126 -0.33341873970031743 3
1561943599136 -0.31883450565338145 4
1561943599145 -0.29059925079345694 5
1561943599155 -0.2801533540725708 6
1561943599164 -0.2546106622695923 7
1561943599174 -0.24118092784881584 8
1561943599183 -0.2296269940376282 9
1561943599192 -0.2199204793930054 10
1561943599202 -0.2116891470909118 11
1561943599211 -0.20275871219635 12
1561943599221 -0.20085201358795157 13
1561943599230 -0.18180140323638916 14
1561943599240 -0.1780944201946259 15
1561943599249 -0.16537593646049498 16
1561943599259 -0.15737302155494687 17
1561943599269 -0.1394190750598907 18
1561943599279 -0.12945888423919677 19
1561943599288 -0.12209200935363768 20
1561943599297 -0.11602611498832704 21
1561943599317 -0.11182399439811708 22
1561943599326 -0.11425998940467835 23
1561943599336 -0.11060131759643554 24
1561943599346 -0.10287215957641599 25
1561943599355 -0.09265925607681275 26
1561943599365 -0.09013232507705687 27
1561943599374 -0.09646233615875244 28
1561943599384 -0.08944951753616337 29
1561943599393 -0.08672823700904847 30
1561943599403 -0.08069997663497924 31
1561943599412 -0.07955877463817598 32
1561943599422 -0.06796819009780883 33
1561943599432 -0.06406869728565215 34
1561943599441 -0.06387578711509706 35
1561943599451 -0.0683585694074631 36
1561943599460 -0.06989262647628786 37
1561943599470 -0.06755325510501861 38
1561943599479 -0.06685613560676573 39
1561943599489 -0.05780253319740297 40
1561943599498 -0.05142364573478697 41
1561943599508 -0.048769953727722165 42
1561943599517 -0.04739903223514555 43
1561943599527 -0.04882119913101196 44
1561943599536 -0.046407018470764144 45
1561943599546 -0.045247456789016705 46
1561943599555 -0.04000741200447083 47
1561943599565 -0.04246163070201872 48
1561943599574 -0.038665547990798965 49
1561943599584 -0.0377301454782486 50
1561943599594 -0.03869407613277437 51
1561943599603 -0.03337706525325776 52
1561943599613 -0.030176706624031074 53
1561943599622 -0.03213748095035554 54
1561943599632 -0.031212249016761784 55
1561943599641 -0.02727755651473998 56
1561943599651 -0.027312401247024526 57
1561943599660 -0.03212275633811951 58
1561943599670 -0.028076779627799975 59
1561943599680 -0.023586096787452687 60
1561943599689 -0.02212942714691163 61
1561943599699 -0.021024099683761593 62
1561943599708 -0.023532708096504207 63
1561943599718 -0.01770033252239228 64
1561943599728 -0.017492324924468977 65
1561943599737 -0.014898643302917458 66
1561943599747 -0.016607432341575634 67
1561943599756 -0.01928639178276062 68
1561943599766 -0.016037670803070087 69
1561943599776 -0.013858002018928534 70
1561943599786 -0.011849460005760176 71
1561943599795 -0.018608517861366275 72
1561943599805 -0.010593858861923211 73
1561943599814 -0.012196295440196986 74
1561943599824 -0.010770301568508167 75
1561943599834 -0.010255685639381423 76
1561943599843 -0.007602058541774759 77
1561943599853 -0.008858778238296505 78
1561943599862 -0.008560241115093209 79
1561943599872 -0.004917061936855316 80
1561943599882 -0.0031552516698837157 81
1561943599891 -0.0037273296117782545 82
1561943599901 -0.004204168200492853 83
1561943599911 -0.0025800906419753966 84
1561943599920 0.0023226713418960515 85
1561943599930 -0.0002045586466789262 86
1561943599939 -0.0030646619319915774 87
1561943599949 -0.005710040891170512 88
1561943599959 -0.004129511272907255 89
1561943599968 0.003977706658840174 90
1561943599978 -0.0024201553583145102 91
1561943599987 0.003482779753208154 92
1561943599997 0.005473202562332163 93
1561943600007 0.006778274655342101 94
1561943600016 0.008099755322933194 95
1561943600026 -0.0002639855384826695 96
1561943600035 0.0019360060691833575 97
1561943600045 0.0054703926563262895 98
1561943600055 0.005339931583404539 99
1561943600065 0.006452349328994744 100
1561943600075 0.008840098881721492 101
1561943600086 0.008940432059764858 102
1561943600096 0.00675531628131866 103
1561943600105 0.00946953554153443 104
1561943600115 0.012809265816211696 105
1561943600124 0.008313339197635647 106
1561943600134 0.010290354013442984 107
1561943600144 0.009242216873168937 108
1561943600153 0.00840742613077164 109
1561943600163 0.00904547724723817 110
1561943600173 0.0124876923441887 111
1561943600183 0.00974444702863693 112
1561943600192 0.013619097244739531 113
1561943600202 0.012559755098819736 114
1561943600212 0.014231230282783502 115
1561943600221 0.01716076523065567 116
1561943600231 0.016413373351097105 117
1561943600240 0.01751240532398224 118
1561943600250 0.017449913465976713 119
1561943600260 0.014632735371589656 120
1561943600269 0.016327177488803857 121
1561943600279 0.016203817081451424 122
1561943600288 0.01709284688234329 123
1561943600298 0.018212188088893883 124
1561943600308 0.014730360472202303 125
1561943600317 0.020014529800415043 126
1561943600327 0.01960803998708724 127
1561943600336 0.02241916172504424 128
1561943600346 0.021297425639629372 129
1561943600356 0.023789975190162654 130
1561943600365 0.02504693038463593 131
1561943600375 0.022616070127487176 132
1561943600385 0.02055328719615937 133
1561943600394 0.02331833801269531 134
1561943600404 0.022564921283721923 135
1561943600414 0.02437538230419159 136
1561943600423 0.02376094040870666 137
1561943600433 0.02274090002775192 138
1561943600442 0.027174138510227208 139
1561943600452 0.027737396085262295 140
1561943600462 0.0285548120379448 141
1561943600472 0.02574856548309326 142
1561943600481 0.02617651921510697 143
1561943600491 0.026884469592571264 144
1561943600501 0.026725992190837863 145
1561943600510 0.029718272274732588 146
1561943600520 0.0262261310338974 147
1561943600530 0.029352802181243892 148
1561943600539 0.026763621580600735 149
1561943600549 0.028643627262115487 150
1561943600559 0.030584476590156548 151
1561943600569 0.029022172099351887 152
1561943600578 0.03108629012107849 153
1561943600588 0.030256195574998854 154
1561943600598 0.031785945594310756 155
1561943600608 0.02866006971597672 156
1561943600617 0.03267904859185219 157
1561943600627 0.03011646341085434 158
1561943600637 0.0318952994465828 159
1561943600646 0.03236431241035461 160
1561943600656 0.030992010784149177 161
1561943600666 0.0307322942495346 162
1561943600675 0.03219370800852776 163
1561943600685 0.0322583153963089 164
1561943600695 0.035650217950344086 165
1561943600705 0.03592499581575394 166
1561943600715 0.034787516289949416 167
1561943600724 0.03686241447925568 168
1561943600734 0.03660666374564171 169
1561943600744 0.03722471160888672 170
1561943600753 0.03558975794911384 171
1561943600763 0.036536188596487044 172
1561943600773 0.036203886735439304 173
1561943600783 0.0371499927341938 174
1561943600792 0.03759559707045555 175
1561943600802 0.03961164531111718 176
1561943600812 0.03780425843000412 177
1561943600821 0.037886414510011665 178
1561943600831 0.03856010962128639 179
1561943600841 0.038794156092405316 180
1561943600851 0.03935230541229248 181
1561943600861 0.03855890719294548 182
1561943600870 0.04097933552265168 183
1561943600880 0.039767322027683266 184
1561943600890 0.039191648358106616 185
1561943600900 0.04191547031402587 186
1561943600909 0.04040847073197364 187
1561943600919 0.04008070784211159 188
1561943600929 0.042466767591238026 189
1561943600939 0.04144100766777992 190
1561943600948 0.04026380221247674 191
1561943600958 0.04294200680851937 192
1561943600968 0.044389951288700095 193
1561943600978 0.04071563916802406 194
1561943600988 0.042297067159414295 195
1561943600997 0.04211779771447182 196
1561943601007 0.04532111075520515 197
1561943601017 0.04300255747437477 198
1561943601027 0.04421309670209885 199
