1561943595516 2.6275075328826905 0
1561943595524 2.2158121433258056 1
1561943595533 1.9022135194778442 2
1561943595542 1.6860108703613281 3
1561943595550 1.5079352737426759 4
1561943595558 1.3435909566879272 5
1561943595567 1.2216434577941895 6
1561943595575 1.1073581283569336 7
1561943595584 1.0214564777374266 8
1561943595592 0.9456017779350281 9
1561943595601 0.8758763695716858 10
1561943595609 0.8149988647460937 11
1561943595618 0.7606615356445312 12
1561943595626 0.7185897560119628 13
1561943595635 0.6659076139450073 14
1561943595644 0.6349650874137879 15
1561943595652 0.5995371200561523 16
1561943595661 0.5730768692016601 17
1561943595669 0.5389421356201172 18
1561943595678 0.514074597120285 19
1561943595686 0.4926948349952698 20
1561943595695 0.47149360876083374 21
1561943595703 0.45093785572052003 22
1561943595712 0.4384854589939117 23
1561943595720 0.42271898884773257 24
1561943595729 0.4049931896686554 25
1561943595737 0.38638055906295776 26
1561943595746 0.3743363224506378 27
1561943595754 0.36998878750801084 28
1561943595763 0.35361284046173097 29
1561943595771 0.3430849352836609 30
1561943595780 0.3313010811328888 31
1561943595789 0.3257980790615082 32
1561943595798 0.31006340947151184 33
1561943595806 0.3010939833641052 34
1561943595814 0.295004890537262 35
1561943595823 0.2927324558734894 36
1561943595831 0.28752121348381043 37
1561943595840 0.27944630279541016 38
1561943595849 0.2742852048873901 39
1561943595857 0.26260443835258485 40
1561943595866 0.25469182181358335 41
1561943595874 0.24963039684295654 42
1561943595883 0.24488337910175323 43
1561943595891 0.24229397506713868 44
1561943595900 0.23566919665336608 45
1561943595909 0.23047393810749053 46
1561943595917 0.22104369335174562 47
1561943595926 0.21974651610851287 48
1561943595934 0.21338588538169861 49
1561943595943 0.21004429295063018 50
1561943595952 0.20869604976177217 51
1561943595960 0.20091108913421632 52
1561943595969 0.1955831970691681 53
1561943595977 0.1961207177400589 54
1561943595986 0.19381436083316803 55
1561943595994 0.18832064006328583 56
1561943596003 0.18556567592620848 57
1561943596012 0.18685770366191864 58
1561943596020 0.1801430167198181 59
1561943596029 0.17410853328704834 60
1561943596037 0.17050354726314546 61
1561943596046 0.16778383145332337 62
1561943596055 0.16937000148296355 63
1561943596063 0.162913609623909 64
1561943596072 0.16197590873241424 65
1561943596082 0.1565711863517761 66
1561943596091 0.15551460597515107 67
1561943596099 0.15621361057758332 68
1561943596108 0.15196691067218782 69
1561943596117 0.14983561356067657 70
1561943596125 0.14677972424030303 71
1561943596134 0.1517561918258667 72
1561943596143 0.1416883584499359 73
1561943596152 0.14181558787822723 74
1561943596160 0.1396471611738205 75
1561943596169 0.13794972820281984 76
1561943596178 0.13453217817544938 77
1561943596186 0.13525966548919677 78
1561943596195 0.13425118906497954 79
1561943596203 0.1298306173801422 80
1561943596212 0.12724366765022277 81
1561943596220 0.1265949125289917 82
1561943596229 0.1263488259911537 83
1561943596238 0.1247632952928543 84
1561943596246 0.11917442650794983 85
1561943596255 0.1193900960445404 86
1561943596264 0.11999892027378083 87
1561943596272 0.1208558402299881 88
1561943596281 0.11942925176620484 89
1561943596289 0.11190516949892045 90
1561943596298 0.11770604653358459 91
1561943596306 0.11236449836492539 92
1561943596315 0.11072307332754135 93
1561943596323 0.10930482292175293 94
1561943596332 0.1061935483455658 95
1561943596341 0.11171342673301697 96
1561943596350 0.10814413553476333 97
1561943596358 0.10462897120714187 98
1561943596367 0.10447841664552689 99
1561943596375 0.10317606613636017 100
1561943596384 0.1006824858546257 101
1561943596393 0.09914975477457047 102
1561943596401 0.10117912105321884 103
1561943596410 0.0991054228425026 104
1561943596419 0.09447181985378265 105
1561943596427 0.09805310759544372 106
1561943596436 0.09625608468055726 107
1561943596445 0.09586501611471177 108
1561943596453 0.09533655177354812 109
1561943596462 0.09476649370193481 110
1561943596471 0.09103070981502533 111
1561943596480 0.09402900203466416 112
1561943596488 0.08993366705179215 113
1561943596497 0.08950738565921783 114
1561943596506 0.08777553746700287 115
1561943596514 0.08516852450370789 116
1561943596523 0.08596580249071122 117
1561943596532 0.08417525697946548 118
1561943596541 0.08364238337278367 119
1561943596549 0.08614237278699875 120
1561943596558 0.0844483169078827 121
1561943596567 0.08400022773742676 122
1561943596576 0.08172227226495743 123
1561943596585 0.08004039940834046 124
1561943596593 0.08364962408542632 125
1561943596602 0.07747752805948258 126
1561943596611 0.07769851707220078 127
1561943596619 0.0750832203745842 128
1561943596628 0.07597521947622299 129
1561943596637 0.07403829339742661 130
1561943596646 0.0736111419081688 131
1561943596654 0.07568481245040894 132
1561943596663 0.07604472459554672 133
1561943596672 0.0726130343914032 134
1561943596680 0.07333417609930039 135
1561943596689 0.07128932285308838 136
1561943596698 0.07170189371109009 137
1561943596707 0.07281288285255433 138
1561943596715 0.06800724343061447 139
1561943596724 0.06694350943565369 140
1561943596733 0.0655383397102356 141
1561943596741 0.06842363722324371 142
1561943596750 0.06775788086652755 143
1561943596759 0.06627467051744461 144
1561943596768 0.06688135380744933 145
1561943596776 0.06323901086449624 146
1561943596785 0.0658515947341919 147
1561943596794 0.0643951843738556 148
1561943596803 0.06685492639541626 149
1561943596811 0.06440977826118469 150
1561943596820 0.0626131843328476 151
1561943596829 0.06437530242800713 152
1561943596838 0.06238993752002716 153
1561943596847 0.06270150837302207 154
1561943596856 0.060663761615753174 155
1561943596865 0.0628409791469574 156
1561943596873 0.058568212991952896 157
1561943596882 0.06187386609315872 158
1561943596891 0.060801143276691436 159
1561943596900 0.05856665539741516 160
1561943596909 0.05935438250303268 161
1561943596917 0.05932973886728287 162
1561943596926 0.0579375225841999 163
1561943596935 0.058776254224777225 164
1561943596944 0.05498439389467239 165
1561943596953 0.05375726684331894 166
1561943596961 0.05431357253193855 167
1561943596970 0.05211141151189804 168
1561943596980 0.05228051437735558 169
1561943596989 0.052282636570930484 170
1561943596998 0.05454119440913201 171
1561943597007 0.05245643246769905 172
1561943597015 0.05161283887624741 173
1561943597024 0.05103366920351982 174
1561943597033 0.05145414610505104 175
1561943597042 0.05009362307190895 176
1561943597051 0.05135610572099686 177
1561943597060 0.05053085889220238 178
1561943597069 0.049991465085744854 179
1561943597081 0.050084184211492536 180
1561943597090 0.0503286634683609 181
1561943597099 0.04997637237906456 182
1561943597107 0.04713994755744934 183
1561943597116 0.047959660565853116 184
1561943597125 0.04805139303803444 185
1561943597134 0.044918951201438906 186
1561943597143 0.04668093641400337 187
1561943597152 0.04763648814558983 188
1561943597161 0.04602014603018761 189
1561943597170 0.04539597142338753 190
1561943597178 0.04682780452370643 191
1561943597187 0.044971448320150376 192
1561943597196 0.04262385082244873 193
1561943597205 0.045625435477495195 194
1561943597214 0.04391656941771507 195
1561943597223 0.04392382027506828 196
1561943597232 0.04079517963528633 197
1561943597241 0.043430775207281114 198
1561943597250 0.042282190179824826 199
