1561887502384 0.7575499999682108 0
1561887502391 0.8964666666348775 1
1561887502399 0.92225 2
1561887502407 0.9337499999682108 3
1561887502415 0.9395999999682109 4
1561887502423 0.9455666666348775 5
1561887502431 0.94955 6
1561887502438 0.95325 7
1561887502446 0.9541333333651225 8
1561887502454 0.9557000000317891 9
1561887502462 0.9566666666666667 10
1561887502470 0.9583999999682109 11
1561887502478 0.9598833333015442 12
1561887502485 0.9591 13
1561887502493 0.96235 14
1561887502501 0.9623166666348775 15
1561887502509 0.9640166666348775 16
1561887502517 0.9643833333333334 17
1561887502525 0.9648666666984558 18
1561887502532 0.9660833333651225 19
