1561887502227 0.8403121984481812 0
1561887502235 0.3844081488927205 1
1561887502242 0.27871278262138366 2
1561887502250 0.22843283867835998 3
1561887502258 0.20399789125919343 4
1561887502266 0.18200569435755412 5
1561887502274 0.16640756913026175 6
1561887502282 0.158151489619414 7
1561887502290 0.15214840783278147 8
1561887502298 0.1474793089946111 9
1561887502306 0.14231204515298207 10
1561887502314 0.13483815179268518 11
1561887502322 0.12847639798323313 12
1561887502329 0.12892178280353547 13
1561887502337 0.12187657519181569 14
1561887502345 0.1183769906759262 15
1561887502353 0.11284905548095703 16
1561887502360 0.11085724686781566 17
1561887502368 0.10976061148643494 18
1561887502376 0.10701282396713893 19
