1561887448128 0.7333666666984558 0
1561887448137 0.8717333333651225 1
1561887448145 0.90275 2
1561887448154 0.9106500000317892 3
1561887448163 0.9224333333651225 4
1561887448177 0.9257833333015442 5
1561887448196 0.9292666666348776 6
1561887448215 0.9333166666348776 7
1561887448234 0.9355000000317891 8
1561887448246 0.9377666666348775 9
1561887448255 0.9394000000317891 10
1561887448264 0.9429833333333333 11
1561887448274 0.9435166666984558 12
1561887448282 0.9442999999682109 13
1561887448291 0.9442333333015442 14
1561887448301 0.9454500000317891 15
1561887448310 0.9490833333651225 16
1561887448319 0.9491333333651225 17
1561887448329 0.9491333333015441 18
1561887448338 0.9505833333651225 19
