1561887447924 0.8933808576583863 0
1561887447932 0.43173055617014566 1
1561887447941 0.3264212610721588 2
1561887447950 0.2840398574590683 3
1561887447958 0.2503243643919627 4
1561887447967 0.23571428055763244 5
1561887447975 0.22842822439670563 6
1561887447984 0.20929132282336552 7
1561887447993 0.2034730257511139 8
1561887448001 0.19379841318130492 9
1561887448010 0.187565349650383 10
1561887448018 0.17996532204151153 11
1561887448027 0.17831092682679495 12
1561887448036 0.17748447179396948 13
1561887448044 0.173845659049352 14
1561887448053 0.171914257423083 15
1561887448061 0.16071343695322673 16
1561887448071 0.15845028801361719 17
1561887448098 0.1584861038684845 18
1561887448117 0.1546720723072688 19
