1561886342628 0.8748666666348776 0
1561886342637 0.9596 1
1561886342645 0.9701 2
1561886342653 0.97585 3
1561886342668 0.9773000000317892 4
1561886342677 0.9807666666666667 5
1561886342685 0.9827166666348776 6
1561886342698 0.9836666666984558 7
1561886342709 0.9853999999682108 8
1561886342718 0.9866666666348776 9
1561886342726 0.9869333333015442 10
1561886342740 0.9879166666984558 11
1561886342749 0.9886500000317892 12
1561886342757 0.9889333333651225 13
1561886342769 0.9895333333333334 14
1561886342783 0.9897333333015442 15
1561886342791 0.9904833333015441 16
1561886342799 0.9918166666984558 17
1561886342808 0.9914833333015441 18
1561886342822 0.9918999999682109 19
