1561886342463 0.4577098164955775 0
1561886342471 0.15853103293975193 1
1561886342480 0.11094875838756561 2
1561886342488 0.09000985844135284 3
1561886342496 0.08136820492347081 4
1561886342505 0.06995561445554098 5
1561886342513 0.0615607240041097 6
1561886342521 0.05702828887701034 7
1561886342529 0.0520861630320549 8
1561886342538 0.04684647218585014 9
1561886342546 0.04478293695251147 10
1561886342554 0.040826995297273 11
1561886342562 0.03942549102306366 12
1561886342571 0.03712494577964147 13
1561886342579 0.03402814470678568 14
1561886342587 0.03391570322811604 15
1561886342595 0.030068555474281312 16
1561886342604 0.02746722634236018 17
1561886342612 0.02881723350584507 18
1561886342620 0.026749317195018132 19
