1561882435438 0.9642666666666667 0
1561882435446 0.9830333333333333 1
1561882435454 0.9874333333333334 2
1561882435462 0.9910833333333333 3
1561882435470 0.9925333333333334 4
1561882435479 0.9936833333333334 5
1561882435487 0.9951833333333333 6
1561882435495 0.9950833333333333 7
1561882435503 0.9968666666666667 8
1561882435512 0.9966333333333334 9
1561882435520 0.99705 10
1561882435528 0.99715 11
1561882435537 0.9978 12
1561882435545 0.9978666666666667 13
1561882435553 0.9979333333333333 14
1561882435562 0.99805 15
1561882435571 0.9983333333333333 16
1561882435580 0.9981833333333333 17
1561882435589 0.9982666666666666 18
1561882435598 0.9985166666666667 19
