1561882435263 0.11715278188381344 0
1561882435271 0.055097093667897085 1
1561882435279 0.039048156379155506 2
1561882435287 0.028649082618396885 3
1561882435296 0.023346112747622345 4
1561882435304 0.01982377369146173 5
1561882435312 0.014821420769255685 6
1561882435320 0.014458323308821613 7
1561882435328 0.010103636198012342 8
1561882435337 0.010437080124987308 9
1561882435345 0.009281103918220955 10
1561882435353 0.007771077095142634 11
1561882435360 0.006388333931302016 12
1561882435368 0.006509939223083105 13
1561882435381 0.0058879302750422845 14
1561882435397 0.00625976038096566 15
1561882435405 0.004495598803792321 16
1561882435413 0.004832132888216984 17
1561882435420 0.0046139883297628935 18
1561882435430 0.004244467619400833 19
