1561931563719 0.9427166666348775 0
1561931563727 0.9853833333651225 1
1561931563734 0.9911000000317891 2
1561931563742 0.9945833333333334 3
1561931563750 0.9966333333015442 4
1561931563757 0.99795 5
1561931563765 0.9987333333015442 6
1561931563773 0.9989 7
1561931563780 0.9997 8
1561931563788 0.9999333333333333 9
1561931563796 0.9999833333333333 10
1561931563804 1.0 11
1561931563811 0.9999666666666667 12
1561931563819 1.0 13
1561931563827 1.0 14
1561931563834 1.0 15
1561931563842 1.0 16
1561931563850 1.0 17
1561931563857 1.0 18
1561931563865 1.0 19
1561931563872 1.0 20
1561931563880 1.0 21
1561931563888 1.0 22
1561931563895 1.0 23
1561931563903 1.0 24
1561931563911 1.0 25
1561931563918 1.0 26
1561931563926 1.0 27
1561931563934 1.0 28
1561931563941 0.9894166666348775 29
1561931563949 0.9949333333333333 30
1561931563956 0.9981 31
1561931563964 0.9994 32
1561931563972 0.9997833333333334 33
1561931563979 0.9999833333333333 34
1561931563987 1.0 35
1561931563995 1.0 36
1561931564002 1.0 37
1561931564010 1.0 38
1561931564018 1.0 39
1561931564025 1.0 40
1561931564033 1.0 41
1561931564041 1.0 42
1561931564048 1.0 43
1561931564056 1.0 44
1561931564064 1.0 45
1561931564071 1.0 46
1561931564083 1.0 47
1561931564091 1.0 48
1561931564098 1.0 49
1561931564106 1.0 50
1561931564114 1.0 51
1561931564122 1.0 52
1561931564130 1.0 53
1561931564137 1.0 54
1561931564145 1.0 55
1561931564153 1.0 56
1561931564161 1.0 57
1561931564169 1.0 58
1561931564177 1.0 59
1561931564184 1.0 60
1561931564192 1.0 61
1561931564200 1.0 62
1561931564207 1.0 63
1561931564215 1.0 64
1561931564223 1.0 65
1561931564231 1.0 66
1561931564239 1.0 67
1561931564247 1.0 68
1561931564254 1.0 69
1561931564262 1.0 70
1561931564270 1.0 71
1561931564278 0.99625 72
1561931564286 0.9925166666348775 73
1561931564293 0.9982 74
1561931564301 0.9995333333333334 75
1561931564309 0.9999333333333333 76
1561931564317 0.9999833333333333 77
1561931564324 1.0 78
1561931564332 1.0 79
1561931564340 1.0 80
1561931564348 1.0 81
1561931564355 1.0 82
1561931564363 1.0 83
1561931564371 1.0 84
1561931564379 1.0 85
1561931564387 1.0 86
1561931564394 1.0 87
1561931564402 1.0 88
1561931564410 0.9999666666666667 89
1561931564418 1.0 90
1561931564426 1.0 91
1561931564433 1.0 92
1561931564441 1.0 93
1561931564449 1.0 94
1561931564457 1.0 95
1561931564465 1.0 96
1561931564473 1.0 97
1561931564481 1.0 98
1561931564488 1.0 99
