1561931562967 0.1913557634671529 0
1561931562974 0.05189986939628919 1
1561931562982 0.03212771373391152 2
1561931562989 0.021121225742499035 3
1561931562996 0.013795249458154043 4
1561931563004 0.010181347906962037 5
1561931563011 0.006727943989137808 6
1561931563018 0.005799527740478516 7
1561931563026 0.0030162646333376565 8
1561931563033 0.0018205193616449833 9
1561931563040 0.0012269841745961457 10
1561931563048 0.000773627772834152 11
1561931563055 0.0007465399430443843 12
1561931563063 0.0005486136319115758 13
1561931563070 0.00040958710502212245 14
1561931563081 0.0003588228465523571 15
1561931563089 0.00030787459391479693 16
1561931563096 0.00025499882157115886 17
1561931563104 0.00023303427644229185 18
1561931563111 0.00020723068790975957 19
1561931563118 0.0001872966350832333 20
1561931563126 0.00016677596434019505 21
1561931563133 0.00014412105049317083 22
1561931563140 0.0001270858827357491 23
1561931563148 0.00012629722071578727 24
1561931563155 0.00010693690732587129 25
1561931563163 9.593884111382067e-05 26
1561931563170 8.685159913729876e-05 27
1561931563178 7.526856018230318e-05 28
1561931563185 0.03347778466946135 29
1561931563193 0.015644020220140616 30
1561931563201 0.0064892858764777584 31
1561931563208 0.0028742352371414503 32
1561931563215 0.0017369754328702886 33
1561931563223 0.0006041246861219407 34
1561931563231 0.00037699703669641165 35
1561931563238 0.0002770751249666015 36
1561931563246 0.00023513053042503694 37
1561931563253 0.00019446400774177165 38
1561931563261 0.00017126169012238583 39
1561931563268 0.00014806162361055613 40
1561931563276 0.00013058294898364692 41
1561931563283 0.00011369465633761138 42
1561931563290 0.000105371673971725 43
1561931563298 9.127288842573762e-05 44
1561931563305 8.325954259683688e-05 45
1561931563313 7.711696495534852e-05 46
1561931563320 6.830957254084449e-05 47
1561931563328 6.403680797666311e-05 48
1561931563335 5.8044439212729536e-05 49
1561931563343 5.233033993281424e-05 50
1561931563350 4.7430755430832504e-05 51
1561931563358 5.0003738491795956e-05 52
1561931563365 4.246193991857581e-05 53
1561931563372 3.8530156978716456e-05 54
1561931563380 3.3122516804724e-05 55
1561931563388 3.0490520529565402e-05 56
1561931563395 2.9032007052834766e-05 57
1561931563403 2.6752431088728676e-05 58
1561931563410 2.5962224039055096e-05 59
1561931563418 2.2797832378031067e-05 60
1561931563425 2.1503583241913777e-05 61
1561931563433 1.9444335767184383e-05 62
1561931563440 1.9002952019218354e-05 63
1561931563448 1.8218111335590948e-05 64
1561931563455 1.689065115545721e-05 65
1561931563463 1.574647071150442e-05 66
1561931563471 1.4400912312460907e-05 67
1561931563478 1.304575913248603e-05 68
1561931563486 1.2414788264626016e-05 69
1561931563493 1.4810258457631183e-05 70
1561931563501 1.14332698401995e-05 71
1561931563508 0.013031926500304446 72
1561931563516 0.02381089537739754 73
1561931563523 0.00609452434728543 74
1561931563531 0.0021973320439457895 75
1561931563538 0.0008026620450119178 76
1561931563546 0.0004900326979657015 77
1561931563553 0.0002787982341678192 78
1561931563561 0.00021942744018160738 79
1561931563568 0.00019282055009777347 80
1561931563576 0.00017611698595186074 81
1561931563583 0.00015674099219807735 82
1561931563591 0.00013100468104627604 83
1561931563598 0.00011220739579293877 84
1561931563606 9.948187074624002e-05 85
1561931563613 8.844740099739283e-05 86
1561931563621 7.926659389243772e-05 87
1561931563629 7.402011235244572e-05 88
1561931563636 0.00012374096106893071 89
1561931563644 6.896953507772803e-05 90
1561931563651 5.7506540037381155e-05 91
1561931563659 5.1742282490401216e-05 92
1561931563666 4.5548702085701125e-05 93
1561931563674 4.4478945974454595e-05 94
1561931563681 4.02484544145409e-05 95
1561931563689 3.602356620443364e-05 96
1561931563696 3.434540492598899e-05 97
1561931563704 3.248002968418102e-05 98
1561931563712 3.0200738944889357e-05 99
