1561883784369 0.9589333333333333 0
1561883784377 0.9837833333333333 1
1561883784386 0.9879833333333333 2
1561883784394 0.9905666666666667 3
1561883784403 0.9925333333333334 4
1561883784411 0.9932 5
1561883784419 0.9947666666666667 6
1561883784427 0.99505 7
1561883784435 0.9952666666666666 8
1561883784443 0.9964166666666666 9
1561883784451 0.9964 10
1561883784459 0.9965 11
1561883784466 0.9969333333333333 12
1561883784474 0.9973166666666666 13
1561883784482 0.9975166666666667 14
1561883784489 0.9973666666666666 15
1561883784497 0.9976 16
1561883784505 0.9976833333333334 17
1561883784512 0.9977166666666667 18
1561883784520 0.9981833333333333 19
