1561883784201 0.13948001673221588 0
1561883784210 0.05276430738307536 1
1561883784218 0.03917645287985603 2
1561883784226 0.030785288792538147 3
1561883784235 0.024564737575066588 4
1561883784243 0.02120148436023543 5
1561883784251 0.017653949702919152 6
1561883784260 0.015157068786669212 7
1561883784268 0.01496477303955083 8
1561883784276 0.011514145243672344 9
1561883784285 0.011106847044736303 10
1561883784293 0.01004342885624307 11
1561883784302 0.009036665081721731 12
1561883784310 0.007930198229515614 13
1561883784318 0.007455937328566021 14
1561883784327 0.007606195435292709 15
1561883784335 0.007572720830798304 16
1561883784344 0.006443141710722315 17
1561883784352 0.006652120098036054 18
1561883784360 0.00555423806535764 19
