1561938032419 0.34690000190734865 0
1561938032427 0.7484999998092652 1
1561938032435 0.8294999979972839 2
1561938032443 0.8665000039100647 3
1561938032451 0.8874000045776367 4
1561938032459 0.903399997997284 5
1561938032467 0.9154000004768371 6
1561938032475 0.9231999986648559 7
1561938032483 0.9313999946594238 8
1561938032491 0.9376000042915345 9
1561938032499 0.9436999988555909 10
1561938032507 0.9464999966621399 11
1561938032515 0.9526999980926514 12
1561938032523 0.9549999980926513 13
1561938032531 0.9590999948501587 14
1561938032539 0.9627000020027161 15
1561938032547 0.9651999987602234 16
1561938032555 0.9665000005722046 17
1561938032564 0.971099995136261 18
1561938032572 0.9725999983787537 19
1561938032580 0.9735000012397766 20
1561938032588 0.9775000037193299 21
1561938032596 0.9766000022888184 22
1561938032604 0.9801999990463257 23
1561938032612 0.9798000051498413 24
1561938032620 0.9816999950408936 25
1561938032628 0.9807000047683716 26
1561938032636 0.9833999954223632 27
1561938032644 0.9832999972343445 28
1561938032652 0.9859000015258789 29
1561938032660 0.9871000029563903 30
1561938032668 0.9877000025749206 31
1561938032676 0.9881000025749207 32
1561938032684 0.9880000040054321 33
1561938032692 0.9890999982833862 34
1561938032700 0.9900999950408935 35
1561938032708 0.9917000025749206 36
1561938032716 0.991299996471405 37
1561938032724 0.991699999332428 38
1561938032732 0.9925999960899353 39
1561938032741 0.9919000050544738 40
1561938032749 0.9932999946594239 41
1561938032757 0.9945999957084656 42
1561938032765 0.9940000007629395 43
1561938032773 0.9940999975204468 44
1561938032781 0.9943999960899353 45
1561938032789 0.9941999975204467 46
1561938032797 0.9955999957084656 47
1561938032805 0.9951000040054321 48
1561938032813 0.9954999989509582 49
1561938032821 0.9952999957084656 50
1561938032829 0.9957000050544739 51
1561938032837 0.9963999989509582 52
1561938032845 0.9970999985694885 53
1561938032853 0.9965999957084656 54
1561938032862 0.996999997138977 55
1561938032870 0.9967000003814698 56
1561938032878 0.9969000003814698 57
1561938032886 0.9973999971389771 58
1561938032894 0.9973000018119812 59
1561938032902 0.9981000018119812 60
1561938032911 0.9980000018119812 61
1561938032919 0.9978000050544739 62
1561938032927 0.9983999985694886 63
1561938032935 0.9975999971389771 64
1561938032943 0.9978000032424926 65
1561938032951 0.9985000046730041 66
1561938032959 0.9982999971389771 67
1561938032968 0.998199997138977 68
1561938032976 0.9985999957084656 69
1561938032984 0.9990000046730042 70
1561938032992 0.9989000046730041 71
1561938033000 0.9990000046730042 72
1561938033008 0.9992000046730042 73
1561938033016 0.9990999985694885 74
1561938033025 0.9988000046730041 75
1561938033033 0.9988000032424926 76
1561938033042 0.9991000046730042 77
1561938033050 0.9984999971389771 78
1561938033058 0.9991000032424927 79
1561938033067 0.9986999985694885 80
1561938033076 0.9990000018119812 81
1561938033086 0.9992000046730042 82
1561938033095 0.9996 83
1561938033105 0.998899997138977 84
1561938033125 0.9990999985694885 85
1561938033148 0.999 86
1561938033160 0.9994 87
1561938033172 0.9997 88
1561938033181 0.9997000046730041 89
1561938033190 0.9988000046730041 90
1561938033202 0.9989999985694885 91
1561938033211 0.9997 92
1561938033224 0.9996999985694885 93
1561938033235 0.9996000046730041 94
1561938033246 0.9997000046730041 95
1561938033254 0.9999 96
1561938033263 0.9997000046730041 97
1561938033272 0.9993999985694886 98
1561938033280 0.9999 99
