1561938031607 1.9850350145339966 0
1561938031615 0.8145724624633789 1
1561938031623 0.566608083152771 2
1561938031631 0.4490911759853363 3
1561938031639 0.38829003739356993 4
1561938031647 0.3385151467323303 5
1561938031655 0.300161434173584 6
1561938031663 0.2713588609695435 7
1561938031671 0.24479937481880187 8
1561938031679 0.22584201900959014 9
1561938031687 0.20721189224720002 10
1561938031695 0.19207612419128417 11
1561938031702 0.17459828422069548 12
1561938031710 0.1626231502056122 13
1561938031718 0.15062164244651793 14
1561938031726 0.14070533034801483 15
1561938031734 0.1316616355419159 16
1561938031742 0.1242232429742813 17
1561938031750 0.1172459406375885 18
1561938031758 0.11002204421758652 19
1561938031766 0.10684603517055512 20
1561938031774 0.09872563730478287 21
1561938031782 0.09462939544916153 22
1561938031790 0.08737604321241378 23
1561938031798 0.08643900700807572 24
1561938031806 0.07829425814151764 25
1561938031814 0.07605139293670654 26
1561938031822 0.07143315114974975 27
1561938031830 0.06906032152175903 28
1561938031839 0.06329855641126633 29
1561938031847 0.06252375340461731 30
1561938031855 0.05781503009200096 31
1561938031863 0.055104750192165375 32
1561938031871 0.054776812732219696 33
1561938031879 0.05128593113422394 34
1561938031886 0.04955938748717308 35
1561938031894 0.045648055553436276 36
1561938031902 0.04515315701961517 37
1561938031910 0.042684350025653836 38
1561938031918 0.04045629249811172 39
1561938031926 0.04040543647408485 40
1561938031933 0.03724512876868248 41
1561938031941 0.036386583960056305 42
1561938031949 0.03498510175943375 43
1561938031957 0.03462156086564064 44
1561938031966 0.033518791913986205 45
1561938031975 0.03261544068455696 46
1561938031984 0.03062664909362793 47
1561938031994 0.028905049806833265 48
1561938032003 0.028586874663829802 49
1561938032011 0.027848849084973336 50
1561938032019 0.02763995317220688 51
1561938032027 0.025139574310183526 52
1561938032035 0.02418820409178734 53
1561938032043 0.024466881197690964 54
1561938032050 0.02278120122551918 55
1561938032058 0.0217909348487854 56
1561938032066 0.02136278201043606 57
1561938032075 0.021275445091724396 58
1561938032085 0.02078210099339485 59
1561938032094 0.019205057868361474 60
1561938032102 0.019533389165997506 61
1561938032110 0.018448903778195382 62
1561938032119 0.016361996492743492 63
1561938032128 0.018113797882199287 64
1561938032136 0.016609368088841437 65
1561938032144 0.01575294816493988 66
1561938032153 0.016166559347510337 67
1561938032161 0.0156749007165432 68
1561938032169 0.01550784184038639 69
1561938032177 0.014457270668447018 70
1561938032185 0.014846732810139656 71
1561938032193 0.01375632144510746 72
1561938032201 0.013087222416698933 73
1561938032209 0.013423932421207428 74
1561938032218 0.012632180280983448 75
1561938032225 0.012492180947959423 76
1561938032235 0.012470221848785877 77
1561938032244 0.01318636673539877 78
1561938032252 0.011780901317298413 79
1561938032260 0.01142895044386387 80
1561938032268 0.011645228554308414 81
1561938032276 0.011652179288864136 82
1561938032284 0.010271698231995106 83
1561938032292 0.010974635171890259 84
1561938032300 0.010127068868279457 85
1561938032308 0.009815407711267472 86
1561938032316 0.009455805808305741 87
1561938032324 0.009546088440716267 88
1561938032331 0.008759743943810462 89
1561938032340 0.009792627327144147 90
1561938032347 0.009196564364433288 91
1561938032355 0.008729738120734692 92
1561938032363 0.008399863457679749 93
1561938032371 0.008295673726499081 94
1561938032379 0.008471231098473073 95
1561938032387 0.007712126584351063 96
1561938032395 0.007528264784812927 97
1561938032403 0.007290971428155899 98
1561938032411 0.007251736680418253 99
