1561886249853 0.9058999999682108 0
1561886249861 0.9664833333333334 1
1561886249869 0.9741333333333333 2
1561886249877 0.9780999999682108 3
1561886249885 0.9810333333333333 4
1561886249893 0.9835166666984558 5
1561886249901 0.98425 6
1561886249909 0.9855666666984558 7
1561886249916 0.9857666666666667 8
1561886249924 0.9869500000317891 9
1561886249932 0.9878333333333333 10
1561886249940 0.9881166666666666 11
1561886249947 0.9897 12
1561886249955 0.9896166666984558 13
1561886249963 0.9898 14
1561886249970 0.9910333333015442 15
1561886249978 0.9903999999682108 16
1561886249986 0.9913333333333333 17
1561886249993 0.9916333333015442 18
1561886250001 0.9916833333333334 19
