1561886249683 0.34358224635124207 0
1561886249691 0.12327482436299324 1
1561886249700 0.09096082545618216 2
1561886249708 0.07584188881715138 3
1561886249717 0.06611418118874232 4
1561886249725 0.05829170843164126 5
1561886249734 0.0531406834051013 6
1561886249742 0.04830402669111888 7
1561886249751 0.04597276872793833 8
1561886249759 0.042996874090035754 9
1561886249768 0.04019028519317508 10
1561886249776 0.039108114871631065 11
1561886249785 0.03444325222596526 12
1561886249793 0.03369505492647489 13
1561886249802 0.03042035990556081 14
1561886249810 0.028899115680654845 15
1561886249819 0.029427244896441697 16
1561886249827 0.02729263727615277 17
1561886249836 0.02637330502246817 18
1561886249844 0.025896382118264834 19
