1561884568273 0.9405333333333333 0
1561884568282 0.9679833333333333 1
1561884568291 0.9737833333333333 2
1561884568299 0.9771666666666666 3
1561884568308 0.9800666666666666 4
1561884568317 0.9812 5
1561884568325 0.98345 6
1561884568334 0.9839166666666667 7
1561884568343 0.9844666666666667 8
1561884568352 0.9855166666666667 9
1561884568360 0.9866166666666667 10
1561884568369 0.9863166666666666 11
1561884568378 0.98865 12
1561884568386 0.9880666666666666 13
1561884568395 0.9883833333333333 14
1561884568404 0.98895 15
1561884568412 0.9879666666666667 16
1561884568420 0.9898 17
1561884568428 0.9894666666666667 18
1561884568436 0.9897333333333334 19
