1561884568100 0.1991465582344681 0
1561884568109 0.10546921576180805 1
1561884568118 0.08675411004583196 2
1561884568126 0.07533632203383604 3
1561884568135 0.06512438990329004 4
1561884568143 0.062032791369641196 5
1561884568152 0.05514634638316153 6
1561884568161 0.05280466430013864 7
1561884568169 0.04799747334157485 8
1561884568178 0.04527250523714659 9
1561884568187 0.0434094643618766 10
1561884568195 0.04481463621075479 11
1561884568204 0.03733929995373086 12
1561884568213 0.03858268271558288 13
1561884568221 0.037815790906224965 14
1561884568230 0.03555414142033891 15
1561884568239 0.03815269751654438 16
1561884568247 0.031401139652527735 17
1561884568256 0.03268881812889364 18
1561884568265 0.03196490391643335 19
