1561939734324 0.401000003528595 0
1561939734332 0.799400003528595 1
1561939734339 0.8691000039100647 2
1561939734347 0.8948000016212463 3
1561939734355 0.9153999997138977 4
1561939734363 0.928599999332428 5
1561939734371 0.9361000018119812 6
1561939734379 0.9446999970436096 7
1561939734387 0.9521000052452088 8
1561939734396 0.9603000009536743 9
1561939734404 0.9637000020027161 10
1561939734412 0.9676999973297119 11
1561939734420 0.9702000037193298 12
1561939734428 0.9770000019073486 13
1561939734436 0.9780000037193298 14
1561939734444 0.9796999976158142 15
1561939734452 0.981099995803833 16
1561939734460 0.9840999972343445 17
1561939734468 0.9851999997138977 18
1561939734477 0.9878000025749206 19
