1561939734169 1.8127706716537475 0
1561939734176 0.6565320644378662 1
1561939734184 0.44563183569908144 2
1561939734192 0.3517207272529602 3
1561939734200 0.29089826469421387 4
1561939734208 0.2502851848125458 5
1561939734215 0.21888680319786072 6
1561939734223 0.194756285572052 7
1561939734231 0.17104838659763336 8
1561939734239 0.1512264086008072 9
1561939734246 0.13780954782962798 10
1561939734254 0.12186626727581024 11
1561939734262 0.11071860996484756 12
1561939734270 0.09653411067724228 13
1561939734278 0.08990092930793762 14
1561939734285 0.08258529479503632 15
1561939734293 0.07514546838998795 16
1561939734301 0.06893694341182709 17
1561939734309 0.0644998540520668 18
1561939734316 0.05751834648251534 19
