1561884051463 0.7845166661580404 0
1561884051471 0.9438666665712993 1
1561884051478 0.9639666678110759 2
1561884051486 0.9739333328564962 3
1561884051493 0.9796666666030884 4
1561884051501 0.9830333323796591 5
1561884051509 0.9861499991734822 6
1561884051516 0.9873833333969116 7
1561884051524 0.9895500000317892 8
1561884051532 0.9911166656812032 9
1561884051539 0.9915166659673055 10
1561884051547 0.9929666674296062 11
1561884051555 0.9939166664123535 12
1561884051562 0.9946666677157084 13
1561884051570 0.9950499998728434 14
1561884051577 0.99601666653951 15
1561884051585 0.9966000001589457 16
1561884051593 0.9973499994277955 17
1561884051601 0.997483333937327 18
1561884051608 0.9975833337783814 19
