1561884051313 0.6991094046115875 0
1561884051320 0.19216158016522725 1
1561884051328 0.1266652913928032 2
1561884051335 0.09358181442817053 3
1561884051343 0.07432909511725108 4
1561884051350 0.06152016272544861 5
1561884051358 0.05235207672119141 6
1561884051365 0.046223095987240476 7
1561884051373 0.039928697182734806 8
1561884051380 0.03477600206335386 9
1561884051388 0.03157337963680426 10
1561884051395 0.02782880682448546 11
1561884051403 0.024646075634161633 12
1561884051410 0.02247888905306657 13
1561884051418 0.020313145359357198 14
1561884051426 0.01776657411257426 15
1561884051433 0.016204953721165656 16
1561884051441 0.014303113291660945 17
1561884051448 0.013167346267898877 18
1561884051456 0.012588983787596226 19
