1561943733204 0.14800000157356263 0
1561943733213 0.5382000030517579 1
1561943733223 0.6762999977111817 2
1561943733232 0.7492000039100647 3
1561943733241 0.7807999968528747 4
1561943733251 0.8076000000953675 5
1561943733260 0.830500004196167 6
1561943733269 0.8445000041007995 7
1561943733279 0.8636000032424926 8
1561943733288 0.8701000003814697 9
1561943733297 0.8859000049591065 10
1561943733307 0.8909999948501587 11
1561943733316 0.9017000030517578 12
1561943733325 0.9060999969482422 13
1561943733334 0.9143000037193298 14
1561943733344 0.9190000008583069 15
1561943733353 0.922599998664856 16
1561943733362 0.9320999949455261 17
1561943733371 0.9326000042915344 18
1561943733381 0.9367999946594239 19
1561943733390 0.9399999963760376 20
1561943733399 0.9423000020980835 21
1561943733408 0.9456999992370605 22
1561943733417 0.9481000010490418 23
1561943733426 0.952400003528595 24
1561943733435 0.9496000039100647 25
1561943733444 0.9563999948501587 26
1561943733453 0.9556999958992004 27
1561943733462 0.958300004863739 28
1561943733471 0.9626000009536743 29
1561943733480 0.9607000045776367 30
1561943733489 0.9616999977111816 31
1561943733498 0.9657999958992004 32
1561943733507 0.9653999958992004 33
1561943733516 0.9666000001907349 34
1561943733525 0.9661999983787537 35
1561943733534 0.9690000012397766 36
1561943733544 0.9692999955177307 37
1561943733553 0.9710000008583068 38
1561943733562 0.9707999947547913 39
1561943733571 0.9717000044822693 40
1561943733580 0.9731000044822693 41
1561943733589 0.9752000004768372 42
1561943733598 0.9766000037193299 43
1561943733607 0.9750000012397766 44
1561943733616 0.978399995136261 45
1561943733625 0.9784999968528748 46
1561943733634 0.9771999990463257 47
1561943733644 0.980199998664856 48
1561943733653 0.978699995803833 49
1561943733662 0.980100001525879 50
1561943733671 0.9806000019073486 51
1561943733680 0.9832000047683715 52
1561943733689 0.9823000051498413 53
1561943733698 0.981399995803833 54
1561943733707 0.9833000029563904 55
1561943733716 0.9840000043869018 56
1561943733725 0.9849000029563904 57
1561943733734 0.9830000047683716 58
1561943733744 0.9845000033378601 59
1561943733753 0.982999998664856 60
1561943733762 0.9851000047683716 61
1561943733771 0.9873999979019165 62
1561943733780 0.9870000025749207 63
1561943733789 0.9857999997138978 64
1561943733798 0.9870999950408935 65
1561943733807 0.9873999997138977 66
1561943733816 0.9875999964714051 67
1561943733825 0.9869999950408935 68
1561943733835 0.988099996471405 69
1561943733844 0.9896000007629394 70
1561943733853 0.9884999993324279 71
1561943733862 0.9891999960899353 72
1561943733871 0.9914999946594238 73
1561943733880 0.9903999979019165 74
1561943733889 0.9902000036239624 75
1561943733898 0.9896999946594238 76
1561943733907 0.9907999979019165 77
1561943733916 0.9903000007629394 78
1561943733925 0.9913999960899353 79
1561943733934 0.9914999993324279 80
1561943733944 0.9926999960899353 81
1561943733952 0.991999999332428 82
1561943733962 0.9909999979019165 83
1561943733971 0.9924000040054322 84
1561943733980 0.9921999975204467 85
1561943733989 0.9933000040054322 86
1561943733998 0.9937999989509583 87
1561943734007 0.9928000040054321 88
1561943734016 0.9930999960899353 89
1561943734025 0.9945999989509583 90
1561943734034 0.9936000021934509 91
1561943734044 0.9944000032424927 92
1561943734053 0.9934999971389771 93
1561943734062 0.9946000036239624 94
1561943734071 0.9954000003814697 95
1561943734084 0.9939000003814698 96
1561943734093 0.9952000018119812 97
1561943734102 0.9951999975204467 98
1561943734112 0.9944999960899353 99
1561943734121 0.9956000021934509 100
1561943734130 0.9948999957084655 101
1561943734139 0.9957999957084656 102
1561943734148 0.9957000050544739 103
1561943734157 0.9960999989509582 104
1561943734167 0.9957999989509583 105
1561943734176 0.9968000018119813 106
1561943734185 0.9959000036239624 107
1561943734194 0.9960999957084655 108
1561943734203 0.9968000050544739 109
1561943734213 0.9961999989509582 110
1561943734222 0.9972999957084656 111
1561943734231 0.9958000018119813 112
1561943734240 0.9976999957084656 113
1561943734249 0.9963000003814697 114
1561943734258 0.9966000003814697 115
1561943734268 0.996099997138977 116
1561943734277 0.9966999957084656 117
1561943734286 0.9969000018119812 118
1561943734296 0.9968000018119813 119
1561943734305 0.9971000032424927 120
1561943734314 0.9968000003814698 121
1561943734323 0.9976000018119812 122
1561943734332 0.9979000032424927 123
1561943734341 0.9980000036239624 124
1561943734351 0.9972999971389771 125
1561943734360 0.9975999971389771 126
1561943734369 0.9975999971389771 127
1561943734378 0.9973000050544739 128
1561943734387 0.9973 129
1561943734397 0.9985999971389771 130
1561943734406 0.9978000018119813 131
1561943734415 0.9974999985694886 132
1561943734424 0.9977999985694885 133
1561943734433 0.9975000032424927 134
1561943734443 0.9977000018119812 135
1561943734452 0.9983000032424927 136
1561943734461 0.9973000018119812 137
1561943734470 0.9982999985694885 138
1561943734480 0.998199997138977 139
1561943734489 0.9973000018119812 140
1561943734499 0.9977000032424926 141
1561943734508 0.9980000018119812 142
1561943734517 0.997799997138977 143
1561943734526 0.9977999985694885 144
1561943734535 0.9975000003814697 145
1561943734545 0.9979000018119812 146
1561943734554 0.9978000032424926 147
1561943734563 0.9985999985694886 148
1561943734572 0.9979999957084655 149
1561943734582 0.9980999985694885 150
1561943734591 0.9990000032424927 151
1561943734600 0.9984999971389771 152
1561943734609 0.9987000032424926 153
1561943734619 0.9981000018119812 154
1561943734628 0.9988999985694885 155
1561943734637 0.9986000032424927 156
1561943734646 0.9985000032424927 157
1561943734656 0.9982999971389771 158
1561943734665 0.9984000032424927 159
1561943734674 0.9982999971389771 160
1561943734683 0.9986000046730041 161
1561943734693 0.998999997138977 162
1561943734702 0.9985000032424927 163
1561943734711 0.9990000032424927 164
1561943734721 0.9986 165
1561943734730 0.9982000046730042 166
1561943734739 0.9987000046730041 167
1561943734748 0.9992000032424927 168
1561943734758 0.9977999957084656 169
1561943734767 0.9992000046730042 170
1561943734776 0.9987000046730041 171
1561943734786 0.9987999985694885 172
1561943734795 0.9990000046730042 173
1561943734804 0.9982000032424927 174
1561943734814 0.9983999957084656 175
1561943734823 0.9994000046730042 176
1561943734832 0.9983000003814697 177
1561943734842 0.9982999971389771 178
1561943734851 0.9984000032424927 179
1561943734860 0.9993 180
1561943734870 0.9993 181
1561943734879 0.9988000032424926 182
1561943734889 0.9991999985694885 183
1561943734898 0.9988000032424926 184
1561943734907 0.9989999985694885 185
1561943734916 0.9995 186
1561943734926 0.9990000032424927 187
1561943734935 0.9994000046730042 188
1561943734944 0.999199997138977 189
1561943734953 0.999099997138977 190
1561943734963 0.9993000046730042 191
1561943734972 0.9997000046730041 192
1561943734981 0.9993000046730042 193
1561943734991 0.9995000046730041 194
1561943735000 0.9993999985694886 195
1561943735010 0.9991000032424927 196
1561943735019 0.9991000032424927 197
1561943735028 0.9990000046730042 198
1561943735038 0.9989000046730041 199
