1561943735047 -1.1056558269500731 0
1561943735056 -0.465926889705658 1
1561943735066 -0.34062071847915654 2
1561943735078 -0.2534477851867676 3
1561943735088 -0.25129127521514893 4
1561943735098 -0.240287944984436 5
1561943735107 -0.2083924819946289 6
1561943735117 -0.17993577008247374 7
1561943735126 -0.15495005741119378 8
1561943735136 -0.14900848050117488 9
1561943735145 -0.14644970374107363 10
1561943735155 -0.13117280678749088 11
1561943735164 -0.12343921742439273 12
1561943735173 -0.11679804368019103 13
1561943735183 -0.11017756927013397 14
1561943735192 -0.10549850766658783 15
1561943735202 -0.09369209287166597 16
1561943735211 -0.07602290420532226 17
1561943735221 -0.07694101057052613 18
1561943735230 -0.06633399660587311 19
1561943735240 -0.06257014038562772 20
1561943735249 -0.058552648711204525 21
1561943735259 -0.05537773606777191 22
1561943735268 -0.05289887504577637 23
1561943735278 -0.0496041307926178 24
1561943735287 -0.05173688931465151 25
1561943735297 -0.04052537319660188 26
1561943735306 -0.042636249303817764 27
1561943735315 -0.03914545204639436 28
1561943735325 -0.035934877109527585 29
1561943735334 -0.03654522678852079 30
1561943735344 -0.03319452495574951 31
1561943735353 -0.027128045654296884 32
1561943735363 -0.027591824245452895 33
1561943735373 -0.023666558170318597 34
1561943735382 -0.02495378963947295 35
1561943735392 -0.02249961340427399 36
1561943735401 -0.01992546598911285 37
1561943735410 -0.01894382885694504 38
1561943735420 -0.01661555236577987 39
1561943735429 -0.014551556265354149 40
1561943735439 -0.01542314869165419 41
1561943735449 -0.012289537394046784 42
1561943735458 -0.011109748280048376 43
1561943735468 -0.013868567860126496 44
1561943735477 -0.006222363805770875 45
1561943735487 -0.002243594276905056 46
1561943735496 -0.005372742831706995 47
1561943735506 -0.0015051029562950236 48
1561943735515 -0.0026570922613143866 49
1561943735525 -0.0005938267111778306 50
1561943735534 -0.000350691318511967 51
1561943735544 0.0017638192534446678 52
1561943735553 0.0007553118109703133 53
1561943735563 0.004487580621242521 54
1561943735573 0.005347770130634311 55
1561943735582 0.007904838347434995 56
1561943735592 0.00682833881378174 57
1561943735601 0.0026444228887557986 58
1561943735611 0.0088023235321045 59
1561943735620 0.008164763462543481 60
1561943735630 0.009251576876640313 61
1561943735640 0.011343260669708255 62
1561943735649 0.01332892093658447 63
1561943735659 0.010589793252944957 64
1561943735668 0.011304682970046998 65
1561943735678 0.0121764146566391 66
1561943735688 0.010091876995563506 67
1561943735697 0.01086830123662949 68
1561943735707 0.012374017459154119 69
1561943735717 0.014843151330947879 70
1561943735726 0.01597503923773766 71
1561943735736 0.01807974683642387 72
1561943735745 0.018679563391208645 73
1561943735755 0.016954338443279267 74
1561943735764 0.016114915865659718 75
1561943735774 0.017945639479160315 76
1561943735784 0.02067380800843238 77
1561943735793 0.016401806992292406 78
1561943735803 0.01904936984181404 79
1561943735813 0.01779828289747238 80
1561943735823 0.02023683193922042 81
1561943735832 0.02026362879872322 82
1561943735842 0.021332165348529816 83
1561943735851 0.02291909382343292 84
1561943735861 0.023761889213323596 85
1561943735870 0.024371542894840247 86
1561943735880 0.02508382205367088 87
1561943735889 0.02317813530564309 88
1561943735899 0.024899053037166594 89
1561943735909 0.025136645299196236 90
1561943735918 0.024388375455141068 91
1561943735928 0.02383595170974731 92
1561943735937 0.025013312292098994 93
1561943735947 0.027076503890752793 94
1561943735957 0.027007143580913544 95
1561943735966 0.02893310831189156 96
1561943735976 0.029467126202583314 97
1561943735985 0.02809822268486023 98
1561943735995 0.027752547353506095 99
1561943736004 0.02938441798090935 100
1561943736014 0.029758701324462886 101
1561943736023 0.030555092895030972 102
1561943736033 0.030439489489793775 103
1561943736043 0.029344842922687527 104
1561943736052 0.028498925280570984 105
1561943736062 0.03050069111287594 106
1561943736072 0.03010947722196579 107
1561943736084 0.02940070305466652 108
1561943736094 0.03142455180287361 109
1561943736103 0.03001931596398353 110
1561943736113 0.03399203135669231 111
1561943736123 0.03176927146315574 112
1561943736132 0.03342409526705742 113
1561943736142 0.03172701096832752 114
1561943736151 0.03147956447601319 115
1561943736161 0.03285934814214706 116
1561943736170 0.03260487885177135 117
1561943736180 0.03218234745562076 118
1561943736190 0.03286913423836231 119
1561943736199 0.03609670632183552 120
1561943736209 0.03288800934255123 121
1561943736219 0.03405539144277573 122
1561943736228 0.034598204612731935 123
1561943736238 0.033210413420200355 124
1561943736247 0.033652225539088254 125
1561943736257 0.034410993164777755 126
1561943736267 0.033465333020687105 127
1561943736276 0.03420693404078484 128
1561943736286 0.03471628365516662 129
1561943736296 0.03807437251806259 130
1561943736305 0.03618672356307506 131
1561943736315 0.03587959861159325 132
1561943736325 0.03482154858112335 133
1561943736334 0.036125521573424337 134
1561943736344 0.036592590478062625 135
1561943736354 0.03834509367346764 136
1561943736363 0.03692604269683361 137
1561943736373 0.036397966787219044 138
1561943736383 0.036286329215764995 139
1561943736392 0.03655824431777001 140
1561943736402 0.036722363865375515 141
1561943736412 0.03709358609318733 142
1561943736422 0.03634572376608849 143
1561943736431 0.03628948483765125 144
1561943736441 0.03683084318935871 145
1561943736451 0.039489136454463 146
1561943736460 0.03683799015879631 147
1561943736470 0.03733534193933011 148
1561943736480 0.03730129733979702 149
1561943736489 0.037718164208531385 150
1561943736499 0.03883694717884063 151
1561943736509 0.037862090259790426 152
1561943736519 0.03857845566272736 153
1561943736528 0.038752840971946714 154
1561943736538 0.03981096175909042 155
1561943736548 0.04152554625570774 156
1561943736557 0.039180484730005266 157
1561943736567 0.03950713039338589 158
1561943736577 0.03859814321398735 159
1561943736587 0.03892700943946839 160
1561943736596 0.039621342357993125 161
1561943736606 0.04113791220486164 162
1561943736616 0.039504146489501 163
1561943736626 0.0389980513036251 164
1561943736636 0.03794352339357138 165
1561943736645 0.0396311054199934 166
1561943736655 0.0420732390999794 167
1561943736665 0.043067420011758804 168
1561943736674 0.041729158318042754 169
1561943736684 0.04173266881257296 170
1561943736694 0.03993415012061596 171
1561943736703 0.04015208520293236 172
1561943736713 0.0408666888564825 173
1561943736723 0.04112167035639286 174
1561943736733 0.04050809250473976 175
1561943736743 0.04153029889464378 176
1561943736752 0.04141167303621769 177
1561943736762 0.040275824360549446 178
1561943736772 0.040712765976786615 179
1561943736782 0.04224200491011142 180
1561943736791 0.04185397542864085 181
1561943736801 0.039979281720519066 182
1561943736811 0.041118482792377474 183
1561943736820 0.04097923268675804 184
1561943736830 0.04201767368316651 185
1561943736840 0.04156240704655647 186
1561943736850 0.041650940464437014 187
1561943736860 0.042470202726125714 188
1561943736869 0.043469998455047607 189
1561943736879 0.04285526479333639 190
1561943736889 0.041580054531991484 191
1561943736899 0.04277656188160181 192
1561943736909 0.04203362782001495 193
1561943736918 0.043792865623533725 194
1561943736928 0.04509539428800344 195
1561943736938 0.043501755061745646 196
1561943736948 0.04417659829109907 197
1561943736958 0.042652541548013685 198
1561943736968 0.04321479068249464 199
