1561943731411 2.593222464942932 0
1561943731420 1.4622142541885377 1
1561943731428 1.0857535185813905 2
1561943731436 0.8850989301681519 3
1561943731445 0.7810981471061706 4
1561943731453 0.6970772139549255 5
1561943731462 0.6286923601150513 6
1561943731471 0.5777541282653809 7
1561943731479 0.5207455300331115 8
1561943731488 0.4867628924369812 9
1561943731496 0.4634161708831787 10
1561943731505 0.42825585799217225 11
1561943731513 0.4019013586997986 12
1561943731522 0.3782294599533081 13
1561943731530 0.3578748276233673 14
1561943731539 0.341807910490036 15
1561943731547 0.3214299195766449 16
1561943731556 0.29631782751083374 17
1561943731565 0.2913007327079773 18
1561943731574 0.2740495376110077 19
1561943731582 0.26188905754089353 20
1561943731591 0.24874305551052092 21
1561943731599 0.2371475560426712 22
1561943731608 0.22816403787136078 23
1561943731616 0.21956515090465545 24
1561943731625 0.21809431893825532 25
1561943731633 0.20240513858795167 26
1561943731642 0.19895604193210603 27
1561943731650 0.1899564799308777 28
1561943731659 0.18070269949436188 29
1561943731668 0.17685063097476958 30
1561943731676 0.17066052169799806 31
1561943731685 0.16274604783058166 32
1561943731694 0.1611013559818268 33
1561943731702 0.15462256970405577 34
1561943731711 0.15252333657741546 35
1561943731719 0.14715200817584992 36
1561943731728 0.14150290315151215 37
1561943731736 0.13800133959054947 38
1561943731745 0.13423938059806823 39
1561943731754 0.1313498800754547 40
1561943731762 0.12942406105995177 41
1561943731771 0.12216237988471985 42
1561943731780 0.11734376213550568 43
1561943731788 0.11831831166744232 44
1561943731797 0.11167742857933044 45
1561943731806 0.10816610835790634 46
1561943731814 0.10896698868274689 47
1561943731823 0.10268323984146119 48
1561943731831 0.10189596318006515 49
1561943731840 0.09843044584989548 50
1561943731849 0.09592947322130203 51
1561943731857 0.09338520773649216 52
1561943731866 0.09398492310047149 53
1561943731875 0.09049009457826615 54
1561943731883 0.08862254937887191 55
1561943731892 0.08469536290168762 56
1561943731901 0.08316414837837219 57
1561943731909 0.08539313870668411 58
1561943731918 0.07900955765247344 59
1561943731927 0.07994810454845429 60
1561943731935 0.0775388767361641 61
1561943731944 0.07429470018148422 62
1561943731952 0.07202252330780029 63
1561943731961 0.07346429975032806 64
1561943731970 0.07160049563646316 65
1561943731979 0.06924499518871308 66
1561943731987 0.0692035929441452 67
1561943731996 0.06682447407245636 68
1561943732004 0.06508329178690911 69
1561943732013 0.06374631702899933 70
1561943732022 0.06347669852375984 71
1561943732030 0.06021861833930016 72
1561943732039 0.05832330007553101 73
1561943732048 0.05796558915376663 74
1561943732056 0.05772866491675377 75
1561943732065 0.0559692004442215 76
1561943732074 0.05312713262438774 77
1561943732086 0.055918292182683946 78
1561943732095 0.05205592957139015 79
1561943732104 0.05296331741809845 80
1561943732113 0.0505316477060318 81
1561943732122 0.05035283438563347 82
1561943732131 0.0492074098110199 83
1561943732140 0.04876587387323379 84
1561943732150 0.04788292635083199 85
1561943732159 0.04648810449838638 86
1561943732169 0.04473037274479866 87
1561943732178 0.04572910979390144 88
1561943732188 0.04377111452817917 89
1561943732198 0.04277421851754189 90
1561943732207 0.04279029334187508 91
1561943732217 0.04352279726266861 92
1561943732226 0.04218189744949341 93
1561943732236 0.03958564535975456 94
1561943732245 0.0398410050034523 95
1561943732254 0.0393672342479229 96
1561943732263 0.03812310384511947 97
1561943732272 0.037849569725990295 98
1561943732281 0.03749044641852379 99
1561943732290 0.036248301476240155 100
1561943732299 0.036203347325325014 101
1561943732309 0.035294890558719635 102
1561943732318 0.03430058723092079 103
1561943732327 0.03395394735336304 104
1561943732335 0.03388537656068802 105
1561943732344 0.03207418671548366 106
1561943732353 0.03247886174917221 107
1561943732362 0.03322391264438629 108
1561943732371 0.031084890794754027 109
1561943732380 0.0326305791079998 110
1561943732389 0.029283575573563574 111
1561943732398 0.031077838867902757 112
1561943732407 0.028596846616268157 113
1561943732415 0.029737116274237634 114
1561943732424 0.030158289235830308 115
1561943732433 0.02858274838924408 116
1561943732442 0.027612595012784003 117
1561943732451 0.027577236166596412 118
1561943732461 0.02767813835442066 119
1561943732470 0.026234167465567587 120
1561943732479 0.028458349761366845 121
1561943732489 0.0258887613594532 122
1561943732498 0.024475971907377242 123
1561943732507 0.025453444784879684 124
1561943732516 0.02502305521070957 125
1561943732525 0.02486603751182556 126
1561943732534 0.02529021995663643 127
1561943732544 0.02417119854092598 128
1561943732553 0.023749416375160218 129
1561943732562 0.020689164620637895 130
1561943732571 0.02357810431420803 131
1561943732580 0.02328043968081474 132
1561943732589 0.023377625703811647 133
1561943732598 0.02244026946723461 134
1561943732607 0.022070835265517234 135
1561943732616 0.021268810564279556 136
1561943732625 0.022752676287293435 137
1561943732634 0.021433463349938394 138
1561943732643 0.020945394361019134 139
1561943732652 0.020358323663473128 140
1561943732661 0.02038256203532219 141
1561943732669 0.020418507987260817 142
1561943732678 0.020785336089134215 143
1561943732687 0.02087497382462025 144
1561943732696 0.021482687732577326 145
1561943732705 0.01987399447262287 146
1561943732714 0.02088931725025177 147
1561943732723 0.019332309505343436 148
1561943732732 0.019198580977320672 149
1561943732740 0.01914182951748371 150
1561943732749 0.01753450348377228 151
1561943732758 0.018612164974212645 152
1561943732767 0.017074235463142396 153
1561943732776 0.017141096884012223 154
1561943732785 0.017302384400367736 155
1561943732794 0.016561067667603492 156
1561943732803 0.01814427490234375 157
1561943732812 0.0174178039342165 158
1561943732821 0.017062811589241028 159
1561943732830 0.016798568242788314 160
1561943732838 0.01630861971080303 161
1561943732847 0.016051954516768455 162
1561943732856 0.01617013671696186 163
1561943732865 0.014972459894418717 164
1561943732874 0.016052008701860906 165
1561943732883 0.015273138973116874 166
1561943732892 0.014755870479345321 167
1561943732900 0.014582902306318283 168
1561943732909 0.015343086862564087 169
1561943732918 0.014587227974832058 170
1561943732927 0.015421697625517846 171
1561943732936 0.015524251174926758 172
1561943732945 0.01490743084847927 173
1561943732953 0.014680191585421562 174
1561943732963 0.014737806844711304 175
1561943732971 0.013909304255247116 176
1561943732980 0.014071575406193733 177
1561943732989 0.014796488381922246 178
1561943732998 0.014817317560315133 179
1561943733007 0.013697803607583046 180
1561943733016 0.013914561109244824 181
1561943733025 0.01391811001598835 182
1561943733034 0.01238994980454445 183
1561943733042 0.01266268418431282 184
1561943733051 0.013000312286615372 185
1561943733061 0.012504885226488113 186
1561943733069 0.01221556351929903 187
1561943733083 0.01217306410074234 188
1561943733102 0.012201484376192093 189
1561943733111 0.012121033151447773 190
1561943733121 0.012387896616756915 191
1561943733130 0.0115137152120471 192
1561943733140 0.012252749848365784 193
1561943733149 0.011332125823199748 194
1561943733158 0.010686520840227604 195
1561943733167 0.01227532386481762 196
1561943733176 0.011271109510958196 197
1561943733186 0.012047901034355164 198
1561943733195 0.011889621366560459 199
