1561955787696 0.3239999993801117 0
1561955787705 0.6283999949455261 1
1561955787713 0.7489000016212464 2
1561955787722 0.8058000045776367 3
1561955787731 0.8464000043869019 4
1561955787740 0.8727000014305115 5
1561955787749 0.8903999958992005 6
1561955787758 0.9058999955177307 7
1561955787767 0.9199000033378602 8
1561955787776 0.9271000036239624 9
1561955787785 0.935300002861023 10
1561955787794 0.9425999963760376 11
1561955787803 0.9458000002861023 12
1561955787813 0.9479000006675721 13
1561955787822 0.9515999956130982 14
1561955787831 0.9542999948501587 15
1561955787840 0.9574999980926514 16
1561955787849 0.9606999977111816 17
1561955787857 0.9606000044822692 18
1561955787866 0.9634000052452087 19
1561955787875 0.9619999952316284 20
1561955787883 0.9643999973297119 21
1561955787892 0.9658000030517578 22
1561955787900 0.9697000012397766 23
1561955787909 0.9654999955177307 24
1561955787917 0.9704000016212463 25
1561955787926 0.9730000044822693 26
1561955787934 0.9721999947547912 27
1561955787943 0.9765999947547913 28
1561955787952 0.9756000008583069 29
1561955787960 0.9748999994277954 30
1561955787969 0.9775999990463257 31
1561955787978 0.9756999965667724 32
1561955787986 0.9774999961853027 33
1561955787995 0.978899995803833 34
1561955788004 0.9798999976158143 35
1561955788012 0.9790999972343445 36
1561955788021 0.981799995803833 37
1561955788029 0.9793000008583069 38
1561955788038 0.9787999954223633 39
1561955788047 0.9814000004768372 40
1561955788056 0.982399998664856 41
1561955788065 0.9818000015258789 42
1561955788074 0.9848000051498413 43
1561955788090 0.9833000040054322 44
1561955788107 0.9846999982833863 45
1561955788116 0.9834000004768372 46
1561955788126 0.9829999990463257 47
1561955788134 0.9844000015258789 48
1561955788143 0.9848999950408935 49
1561955788154 0.9870000047683716 50
1561955788163 0.9851000043869018 51
1561955788172 0.9850000011444092 52
1561955788182 0.9848999997138977 53
1561955788192 0.9857000025749206 54
1561955788202 0.986999998664856 55
1561955788211 0.9871999968528747 56
1561955788220 0.9871000025749207 57
1561955788229 0.9867999986648559 58
1561955788237 0.9879000043869018 59
1561955788246 0.9881000011444092 60
1561955788254 0.9882999950408936 61
1561955788263 0.9879999950408935 62
1561955788272 0.9886999950408936 63
1561955788281 0.9893999979019165 64
1561955788290 0.9885000040054321 65
1561955788299 0.9889000043869018 66
1561955788309 0.989999999332428 67
1561955788326 0.9895000011444092 68
1561955788337 0.9889999946594238 69
1561955788347 0.9911999960899353 70
1561955788357 0.9895000040054321 71
1561955788366 0.989399999332428 72
1561955788375 0.991099999332428 73
1561955788384 0.9905000040054321 74
1561955788393 0.9905000007629394 75
1561955788402 0.9904999960899353 76
1561955788412 0.9912999946594239 77
1561955788422 0.9919000040054321 78
1561955788431 0.9910000040054321 79
1561955788441 0.9915000025749207 80
1561955788450 0.9914000043869019 81
1561955788459 0.9921000018119812 82
1561955788468 0.9924000007629394 83
1561955788477 0.9913000036239624 84
1561955788486 0.9938000050544739 85
1561955788495 0.9933000036239624 86
1561955788505 0.9913000011444092 87
1561955788515 0.9932999989509582 88
1561955788524 0.9931999975204467 89
1561955788533 0.992799999332428 90
1561955788542 0.991399999332428 91
1561955788552 0.9919000025749206 92
1561955788561 0.9929999960899353 93
1561955788570 0.9929999975204468 94
1561955788579 0.991799999332428 95
1561955788588 0.9928000036239624 96
1561955788597 0.9928999946594238 97
1561955788606 0.9935000036239624 98
1561955788615 0.9929000036239624 99
