1561955788624 -1.0270652103424074 0
1561955788634 -0.5106527032852174 1
1561955788646 -0.32079080471992494 2
1561955788656 -0.23257002043724068 3
1561955788666 -0.18745596137046816 4
1561955788675 -0.13973843994140628 5
1561955788685 -0.11013248343467713 6
1561955788694 -0.08363507115840912 7
1561955788703 -0.07030779452323913 8
1561955788712 -0.06189540071487429 9
1561955788721 -0.05453353538513184 10
1561955788730 -0.04632548789978028 11
1561955788738 -0.04503737924098966 12
1561955788747 -0.04319130008220673 13
1561955788756 -0.031897898387908935 14
1561955788766 -0.026610857844352714 15
1561955788775 -0.024188139081001286 16
1561955788784 -0.022906287002563475 17
1561955788793 -0.01994786481857301 18
1561955788802 -0.0162225926041603 19
1561955788811 -0.019525709259510027 20
1561955788829 -0.01238137732744217 21
1561955788848 -0.010193493390083325 22
1561955788868 -0.006324913644790653 23
1561955788887 -0.013335983908176433 24
1561955788899 -0.0015377742648124693 25
1561955788909 -0.004504234814643862 26
1561955788918 -0.0057198357701301605 27
1561955788928 -0.005902347540855404 28
1561955788937 -0.006852526104450224 29
1561955788946 -0.0007716346025467002 30
1561955788954 0.0018454970955848748 31
1561955788963 -0.004746086609363556 32
1561955788972 0.001075678122043608 33
1561955788981 -0.0026187924385070727 34
1561955788990 -0.001928258919715875 35
1561955788999 -0.0009417554616928114 36
1561955789008 0.00029332222938537045 37
1561955789017 -0.009463508558273312 38
1561955789026 -0.003459919524192806 39
1561955789035 -0.0008207448601722789 40
1561955789043 -0.003910345762968059 41
1561955789052 -0.0016382542848586978 42
1561955789061 0.0019649172961711883 43
1561955789070 -0.004389671641588211 44
1561955789083 0.0010788096427917435 45
1561955789092 -0.0018929803192615502 46
1561955789101 -0.005288973909616475 47
1561955789110 -0.0026505795598030096 48
1561955789119 -0.00046829410195350224 49
1561955789128 0.0003240103602409408 50
1561955789136 -0.0014057016074657397 51
1561955789145 -0.0005850912570953409 52
1561955789154 -0.0023170239448547375 53
1561955789163 0.00038771495819091284 54
1561955789172 -0.0016648485541343669 55
1561955789180 -0.0012327055692672728 56
1561955789189 0.002324512392282485 57
1561955789198 0.0008224808037281053 58
1561955789207 0.00023867192864417824 59
1561955789216 0.0067212633073329905 60
1561955789225 0.0015788970708847036 61
1561955789234 0.0035961307883262614 62
1561955789243 0.0020039175927639014 63
1561955789252 0.0036765259504318235 64
1561955789261 0.0019162304997444174 65
1561955789270 0.0022780582129955304 66
1561955789279 0.0032442805171012876 67
1561955789288 0.006087626510858535 68
1561955789297 0.003017869997024532 69
1561955789306 0.00903311884999275 70
1561955789315 0.00510427789092064 71
1561955789324 0.003744686925411224 72
1561955789333 0.00550521493554116 73
1561955789342 0.0063871993064880395 74
1561955789351 0.0038531230211257886 75
1561955789360 0.0073390537649393045 76
1561955789369 0.0074746455848217 77
1561955789378 0.008188113671541215 78
1561955789387 0.0053859328210353885 79
1561955789396 0.008913940554857256 80
1561955789405 0.00813640355467796 81
1561955789414 0.007874043813347813 82
1561955789422 0.009329555571079257 83
1561955789431 0.006103357875347139 84
1561955789440 0.014361334526538847 85
1561955789449 0.011350281733274462 86
1561955789458 0.007866222208738328 87
1561955789467 0.010776808425784108 88
1561955789476 0.010468756651878353 89
1561955789485 0.01381226501762867 90
1561955789493 0.010180189853906632 91
1561955789502 0.01142806975245476 92
1561955789512 0.008443579864501956 93
1561955789521 0.01128308781385422 94
1561955789531 0.009218869245052337 95
1561955789541 0.008883760276436805 96
1561955789551 0.012869325959682463 97
1561955789560 0.011181212270259859 98
1561955789570 0.01164452464580536 99
