1561955786801 2.1367162256240846 0
1561955786810 1.129791088104248 1
1561955786819 0.7922130881309509 2
1561955786828 0.6095027384757996 3
1561955786837 0.5052703515529633 4
1561955786846 0.42229353036880496 5
1561955786855 0.36717189974784853 6
1561955786864 0.31817262959480286 7
1561955786873 0.286183952999115 8
1561955786881 0.2563891142129898 9
1561955786890 0.23478171768188477 10
1561955786898 0.21198380093574523 11
1561955786906 0.19935811040401458 12
1561955786914 0.18780897109508515 13
1561955786923 0.17303564352989198 14
1561955786931 0.16436518251895904 15
1561955786940 0.15402561295032502 16
1561955786948 0.14680664937496185 17
1561955786957 0.14068206899166108 18
1561955786965 0.13508500320911407 19
1561955786973 0.13065388219356536 20
1561955786982 0.1242882595539093 21
1561955786990 0.11900253912210465 22
1561955786999 0.10883353486061097 23
1561955787007 0.11354242072105408 24
1561955787015 0.10219041323661804 25
1561955787024 0.09922692915201187 26
1561955787032 0.09738720263242721 27
1561955787040 0.09297548661231994 28
1561955787049 0.09144788459539413 29
1561955787057 0.08846903749704361 30
1561955787065 0.08409096482992172 31
1561955787074 0.0855344235420227 32
1561955787085 0.08009975324869156 33
1561955787094 0.07860577055215835 34
1561955787103 0.0722731870651245 35
1561955787112 0.07365764169692993 36
1561955787120 0.06730938718318939 37
1561955787129 0.07246087510585784 38
1561955787138 0.0684748629450798 39
1561955787147 0.06334256808757782 40
1561955787155 0.06405958598852157 41
1561955787164 0.0647440646290779 42
1561955787174 0.057314783906936645 43
1561955787184 0.059631637382507326 44
1561955787193 0.054361623919010164 45
1561955787202 0.05590256781578064 46
1561955787216 0.05583808459043503 47
1561955787225 0.054082325983047484 48
1561955787237 0.052745916056632994 49
1561955787245 0.05002708203792572 50
1561955787262 0.053254094809293745 51
1561955787271 0.048283744597435 52
1561955787279 0.04910419301390648 53
1561955787288 0.047994769418239595 54
1561955787297 0.04728646697402 55
1561955787306 0.046581773436069486 56
1561955787315 0.04398825085163117 57
1561955787324 0.044837586307525636 58
1561955787334 0.04215523609519005 59
1561955787343 0.03844401351809502 60
1561955787351 0.0417464410841465 61
1561955787360 0.04165989911556244 62
1561955787370 0.040122721773386 63
1561955787379 0.0399857214987278 64
1561955787388 0.03862707793712616 65
1561955787397 0.0384383316218853 66
1561955787406 0.03705384826660156 67
1561955787415 0.03669657484292984 68
1561955787424 0.03802914060354233 69
1561955787433 0.030786746913194656 70
1561955787442 0.036220578628778456 71
1561955787451 0.03462717897295952 72
1561955787459 0.03359285187125206 73
1561955787468 0.03296629778146744 74
1561955787477 0.035816156136989595 75
1561955787486 0.03152381239831448 76
1561955787495 0.030494968831539154 77
1561955787504 0.029271301287412642 78
1561955787512 0.032148642045259475 79
1561955787521 0.029516664201021194 80
1561955787530 0.029879245913028717 81
1561955787538 0.028411716142296792 82
1561955787547 0.02789819726347923 83
1561955787556 0.029834409362077714 84
1561955787564 0.024599870002269746 85
1561955787573 0.024378436011075973 86
1561955787581 0.02865592389702797 87
1561955787590 0.025803707376122476 88
1561955787599 0.025353616678714753 89
1561955787607 0.024451385220885278 90
1561955787616 0.02567542880177498 91
1561955787625 0.026424866098165512 92
1561955787634 0.026526334512233733 93
1561955787642 0.024957348799705504 94
1561955787652 0.027740422987937927 95
1561955787661 0.026162194338440897 96
1561955787669 0.023406194067001344 97
1561955787678 0.02486758635044098 98
1561955787687 0.024870342719554902 99
