1561937136628 0.07760000228881836 0
1561937136638 0.39559999108314514 1
1561937136648 0.573199987411499 2
1561937136658 0.6812000274658203 3
1561937136668 0.7354000210762024 4
1561937136677 0.7727000117301941 5
1561937136687 0.8004999756813049 6
1561937136697 0.8266000151634216 7
1561937136707 0.8496999740600586 8
1561937136717 0.8618999719619751 9
1561937136726 0.8707000017166138 10
1561937136736 0.8759999871253967 11
1561937136746 0.8881999850273132 12
1561937136755 0.8906999826431274 13
1561937136765 0.8988000154495239 14
1561937136775 0.9039000272750854 15
1561937136785 0.9096999764442444 16
1561937136794 0.9121000170707703 17
1561937136804 0.9180999994277954 18
1561937136814 0.9232000112533569 19
1561937136824 0.925000011920929 20
1561937136833 0.9269000291824341 21
1561937136843 0.9333999752998352 22
1561937136853 0.9355000257492065 23
1561937136863 0.9370999932289124 24
1561937136872 0.9386000037193298 25
1561937136882 0.9408000111579895 26
1561937136892 0.9416999816894531 27
1561937136902 0.946399986743927 28
1561937136911 0.9473000168800354 29
1561937136921 0.9498999714851379 30
1561937136931 0.9509999752044678 31
1561937136941 0.9541000127792358 32
1561937136950 0.9556999802589417 33
1561937136960 0.9587000012397766 34
1561937136970 0.9610000252723694 35
1561937136980 0.958299994468689 36
1561937136989 0.9624999761581421 37
1561937136999 0.9628999829292297 38
1561937137009 0.9641000032424927 39
1561937137019 0.965399980545044 40
1561937137029 0.9689000248908997 41
1561937137038 0.9675999879837036 42
1561937137048 0.9692999720573425 43
1561937137058 0.9714000225067139 44
1561937137068 0.9722999930381775 45
1561937137079 0.9726999998092651 46
1561937137090 0.9740999937057495 47
1561937137099 0.9736999869346619 48
1561937137109 0.9763000011444092 49
1561937137130 0.9760000109672546 50
1561937137147 0.9757999777793884 51
1561937137157 0.9782000184059143 52
1561937137169 0.9767000079154968 53
1561937137180 0.9800999760627747 54
1561937137191 0.9807999730110168 55
1561937137201 0.9800000190734863 56
1561937137210 0.9797000288963318 57
1561937137220 0.9828000068664551 58
1561937137230 0.9828000068664551 59
1561937137240 0.9821000099182129 60
1561937137250 0.9832000136375427 61
1561937137260 0.9836999773979187 62
1561937137270 0.9843999743461609 63
1561937137281 0.9839000105857849 64
1561937137291 0.9854999780654907 65
1561937137301 0.9846000075340271 66
1561937137311 0.986299991607666 67
1561937137321 0.9868000149726868 68
1561937137332 0.9864000082015991 69
1561937137341 0.9872000217437744 70
1561937137351 0.9890999794006348 71
1561937137361 0.9872999787330627 72
1561937137371 0.9886999726295471 73
1561937137381 0.9883999824523926 74
1561937137391 0.9901999831199646 75
1561937137401 0.9908000230789185 76
1561937137411 0.9887999892234802 77
1561937137421 0.989799976348877 78
1561937137431 0.9898999929428101 79
1561937137441 0.9909999966621399 80
1561937137451 0.9922000169754028 81
1561937137461 0.9916999936103821 82
1561937137471 0.9907000064849854 83
1561937137481 0.9921000003814697 84
1561937137491 0.9925000071525574 85
1561937137500 0.9929999709129333 86
1561937137510 0.9940000176429749 87
1561937137520 0.9934999942779541 88
1561937137530 0.9933000206947327 89
1561937137540 0.9940000176429749 90
1561937137550 0.9930999875068665 91
1561937137560 0.9937000274658203 92
1561937137571 0.9937000274658203 93
1561937137582 0.9951000213623047 94
1561937137592 0.9947999715805054 95
1561937137602 0.9937000274658203 96
1561937137612 0.9945999979972839 97
1561937137623 0.994700014591217 98
1561937137634 0.9951000213623047 99
1561937137644 0.9950000047683716 100
1561937137654 0.9943000078201294 101
1561937137663 0.9947999715805054 102
1561937137673 0.9939000010490417 103
1561937137683 0.9955999851226807 104
1561937137693 0.9962999820709229 105
1561937137703 0.9969000220298767 106
1561937137713 0.9955999851226807 107
1561937137723 0.9969000220298767 108
1561937137733 0.9955000281333923 109
1561937137743 0.9965000152587891 110
1561937137753 0.9962999820709229 111
1561937137762 0.9962000250816345 112
1561937137773 0.9958000183105469 113
1561937137783 0.9973000288009644 114
1561937137794 0.9977999925613403 115
1561937137805 0.9972000122070312 116
1561937137817 0.9965999722480774 117
1561937137828 0.9977999925613403 118
1561937137838 0.9970999956130981 119
1561937137849 0.9962999820709229 120
1561937137859 0.9966999888420105 121
1561937137870 0.9970999956130981 122
1561937137880 0.9958999752998352 123
1561937137891 0.9980999827384949 124
1561937137901 0.9977999925613403 125
1561937137911 0.9973999857902527 126
1561937137922 0.9977999925613403 127
1561937137932 0.9977999925613403 128
1561937137943 0.9984999895095825 129
1561937137953 0.9983999729156494 130
1561937137963 0.9980000257492065 131
1561937137974 0.9980999827384949 132
1561937137984 0.9979000091552734 133
1561937137994 0.998199999332428 134
1561937138004 0.9987000226974487 135
1561937138014 0.9987000226974487 136
1561937138025 0.998199999332428 137
1561937138035 0.9976999759674072 138
1561937138045 0.9984999895095825 139
1561937138055 0.9987000226974487 140
1561937138065 0.9988999962806702 141
1561937138077 0.9983999729156494 142
1561937138089 0.9983000159263611 143
1561937138099 0.9987999796867371 144
1561937138109 0.9977999925613403 145
1561937138119 0.9988999962806702 146
1561937138130 0.9984999895095825 147
1561937138140 0.9990000128746033 148
1561937138150 0.9987999796867371 149
1561937138161 0.9984999895095825 150
1561937138171 0.9980000257492065 151
1561937138181 0.9983999729156494 152
1561937138192 0.9991000294685364 153
1561937138202 0.9984999895095825 154
1561937138212 0.9993000030517578 155
1561937138222 0.9987000226974487 156
1561937138233 0.9988999962806702 157
1561937138243 0.9993000030517578 158
1561937138254 0.9987999796867371 159
1561937138264 0.9987000226974487 160
1561937138274 0.9987000226974487 161
1561937138285 0.9991000294685364 162
1561937138295 0.998199999332428 163
1561937138305 0.9993000030517578 164
1561937138315 0.9987000226974487 165
1561937138326 0.9990000128746033 166
1561937138336 0.9991000294685364 167
1561937138346 0.9991999864578247 168
1561937138357 0.9986000061035156 169
1561937138367 0.9991999864578247 170
1561937138379 0.9991999864578247 171
1561937138389 0.9991999864578247 172
1561937138400 0.9994000196456909 173
1561937138411 0.9991000294685364 174
1561937138422 0.9998000264167786 175
1561937138433 0.9993000030517578 176
1561937138444 0.9991999864578247 177
1561937138455 0.9995999932289124 178
1561937138465 0.9990000128746033 179
1561937138476 0.9991999864578247 180
1561937138487 0.9987000226974487 181
1561937138497 0.9997000098228455 182
1561937138507 0.9994000196456909 183
1561937138518 0.9990000128746033 184
1561937138528 0.9991000294685364 185
1561937138539 0.9993000030517578 186
1561937138549 0.9994999766349792 187
1561937138560 0.9994999766349792 188
1561937138570 0.9998000264167786 189
1561937138581 0.9991000294685364 190
1561937138591 0.9991000294685364 191
1561937138602 0.9993000030517578 192
1561937138612 0.9994000196456909 193
1561937138623 0.9993000030517578 194
1561937138633 0.9991999864578247 195
1561937138644 0.9993000030517578 196
1561937138654 0.9997000098228455 197
1561937138664 0.9993000030517578 198
1561937138675 0.9993000030517578 199
