1561937134660 3.0464980602264404 0
1561937134669 1.7740628719329834 1
1561937134679 1.2873480319976807 2
1561937134689 1.0134238004684448 3
1561937134698 0.8372782468795776 4
1561937134708 0.7295607328414917 5
1561937134718 0.6410018801689148 6
1561937134727 0.5690022706985474 7
1561937134737 0.5123627185821533 8
1561937134747 0.4717617332935333 9
1561937134756 0.4378461539745331 10
1561937134767 0.41415464878082275 11
1561937134777 0.38750892877578735 12
1561937134786 0.3732617199420929 13
1561937134796 0.3555835485458374 14
1561937134806 0.3381789028644562 15
1561937134815 0.32033565640449524 16
1561937134825 0.30340054631233215 17
1561937134835 0.28805601596832275 18
1561937134844 0.27832740545272827 19
1561937134854 0.2660330533981323 20
1561937134863 0.25710323452949524 21
1561937134874 0.24434645473957062 22
1561937134883 0.23361243307590485 23
1561937134893 0.22529961168766022 24
1561937134902 0.2176201194524765 25
1561937134912 0.20974570512771606 26
1561937134922 0.20404498279094696 27
1561937134932 0.19563820958137512 28
1561937134941 0.18305346369743347 29
1561937134951 0.18250061571598053 30
1561937134960 0.17795155942440033 31
1561937134970 0.170217365026474 32
1561937134979 0.16426293551921844 33
1561937134989 0.15989872813224792 34
1561937134999 0.15214626491069794 35
1561937135008 0.14940010011196136 36
1561937135018 0.1443931758403778 37
1561937135028 0.13988332450389862 38
1561937135038 0.13707023859024048 39
1561937135047 0.12839798629283905 40
1561937135057 0.12403376400470734 41
1561937135067 0.12324103713035583 42
1561937135080 0.11942815035581589 43
1561937135094 0.11341559886932373 44
1561937135104 0.1095048114657402 45
1561937135113 0.11032496392726898 46
1561937135123 0.10627683252096176 47
1561937135132 0.10276450216770172 48
1561937135142 0.09743122011423111 49
1561937135160 0.09894931316375732 50
1561937135172 0.09524846822023392 51
1561937135182 0.09189246594905853 52
1561937135192 0.0881173312664032 53
1561937135202 0.08423329144716263 54
1561937135211 0.08287124335765839 55
1561937135221 0.08341775834560394 56
1561937135230 0.08080252259969711 57
1561937135240 0.0769721120595932 58
1561937135249 0.07649055123329163 59
1561937135258 0.07452104240655899 60
1561937135268 0.07356888055801392 61
1561937135277 0.07159339636564255 62
1561937135287 0.06863512843847275 63
1561937135296 0.06961123645305634 64
1561937135306 0.06687368452548981 65
1561937135315 0.06456509977579117 66
1561937135325 0.06112595275044441 67
1561937135334 0.062100786715745926 68
1561937135343 0.060356225818395615 69
1561937135353 0.05928726866841316 70
1561937135363 0.05692523345351219 71
1561937135372 0.05718193203210831 72
1561937135382 0.05413211137056351 73
1561937135391 0.05516919493675232 74
1561937135401 0.05264201760292053 75
1561937135410 0.05035603418946266 76
1561937135420 0.05238623172044754 77
1561937135429 0.04972539842128754 78
1561937135439 0.04930791258811951 79
1561937135448 0.048094648867845535 80
1561937135458 0.04664602503180504 81
1561937135468 0.0445537343621254 82
1561937135477 0.04601280391216278 83
1561937135487 0.044435612857341766 84
1561937135496 0.042109403759241104 85
1561937135506 0.04072652757167816 86
1561937135515 0.03996505215764046 87
1561937135525 0.03928050398826599 88
1561937135534 0.038659125566482544 89
1561937135544 0.0383230559527874 90
1561937135554 0.039416100829839706 91
1561937135563 0.037262093275785446 92
1561937135573 0.03654266893863678 93
1561937135582 0.03554420918226242 94
1561937135592 0.03517111390829086 95
1561937135601 0.03533089533448219 96
1561937135610 0.03491860628128052 97
1561937135620 0.03382819518446922 98
1561937135629 0.03171747922897339 99
1561937135639 0.03221818059682846 100
1561937135648 0.03199571371078491 101
1561937135658 0.03209226578474045 102
1561937135668 0.03239481896162033 103
1561937135677 0.02919023483991623 104
1561937135686 0.02976057678461075 105
1561937135696 0.027415253221988678 106
1561937135705 0.02901601605117321 107
1561937135715 0.028669042512774467 108
1561937135724 0.02841433696448803 109
1561937135734 0.02614447847008705 110
1561937135743 0.026652557775378227 111
1561937135753 0.025898447260260582 112
1561937135763 0.026883715763688087 113
1561937135772 0.025744078680872917 114
1561937135781 0.02391536347568035 115
1561937135791 0.025509824976325035 116
1561937135800 0.024871736764907837 117
1561937135810 0.02349958010017872 118
1561937135819 0.023561876267194748 119
1561937135829 0.023370394483208656 120
1561937135838 0.02361813187599182 121
1561937135848 0.022429589182138443 122
1561937135857 0.02349356934428215 123
1561937135867 0.021893227472901344 124
1561937135876 0.021404001861810684 125
1561937135886 0.021812839433550835 126
1561937135895 0.021001175045967102 127
1561937135904 0.020970555022358894 128
1561937135914 0.02003031224012375 129
1561937135923 0.020359719172120094 130
1561937135933 0.019853873178362846 131
1561937135942 0.01848827861249447 132
1561937135952 0.019259747117757797 133
1561937135961 0.01856112852692604 134
1561937135972 0.017142178490757942 135
1561937135981 0.01844114065170288 136
1561937135991 0.018373727798461914 137
1561937136000 0.019363585859537125 138
1561937136010 0.017642144113779068 139
1561937136019 0.017140163108706474 140
1561937136029 0.01681794412434101 141
1561937136038 0.016664987429976463 142
1561937136048 0.01761276088654995 143
1561937136057 0.016691237688064575 144
1561937136067 0.017315322533249855 145
1561937136079 0.015773821622133255 146
1561937136089 0.01620173640549183 147
1561937136099 0.01630500704050064 148
1561937136109 0.015836236998438835 149
1561937136119 0.016130780801177025 150
1561937136128 0.015547581017017365 151
1561937136138 0.015739116817712784 152
1561937136147 0.014635427854955196 153
1561937136157 0.01495865173637867 154
1561937136167 0.014304294250905514 155
1561937136176 0.014492889866232872 156
1561937136186 0.0137706957757473 157
1561937136195 0.013956988230347633 158
1561937136205 0.014427096582949162 159
1561937136214 0.014106073416769505 160
1561937136224 0.013809914700686932 161
1561937136234 0.013685807585716248 162
1561937136243 0.014490727335214615 163
1561937136253 0.012581962160766125 164
1561937136263 0.013525733724236488 165
1561937136272 0.01339491456747055 166
1561937136282 0.01282873097807169 167
1561937136291 0.013259504921734333 168
1561937136301 0.013017654418945312 169
1561937136311 0.012665320187807083 170
1561937136320 0.01255240198224783 171
1561937136330 0.0117383673787117 172
1561937136339 0.011820711195468903 173
1561937136349 0.01187314372509718 174
1561937136359 0.010781906545162201 175
1561937136369 0.01167033426463604 176
1561937136379 0.012062768451869488 177
1561937136389 0.011380952782928944 178
1561937136398 0.011862583458423615 179
1561937136408 0.011484582908451557 180
1561937136418 0.011578184552490711 181
1561937136427 0.01114396471530199 182
1561937136437 0.01055874489247799 183
1561937136446 0.011115886270999908 184
1561937136456 0.010733164846897125 185
1561937136469 0.010470463894307613 186
1561937136491 0.010250158607959747 187
1561937136501 0.010596353560686111 188
1561937136517 0.010215220972895622 189
1561937136528 0.010378598235547543 190
1561937136538 0.010606878437101841 191
1561937136548 0.009949993342161179 192
1561937136558 0.009883801452815533 193
1561937136568 0.009598215110599995 194
1561937136578 0.009756718762218952 195
1561937136588 0.01046151202172041 196
1561937136598 0.009403538890182972 197
1561937136608 0.009937428869307041 198
1561937136618 0.009924798272550106 199
