1561932344549 0.8556166668891907 0
1561932344557 0.9671333331425984 1
1561932344565 0.9788166668256124 2
1561932344572 0.9837999999682109 3
1561932344580 0.987416666507721 4
1561932344588 0.9896666666984558 5
1561932344595 0.9915333331743876 6
1561932344603 0.9932499998410543 7
1561932344611 0.9939833330472311 8
1561932344619 0.9952666669209799 9
1561932344626 0.9958000001907349 10
1561932344634 0.9964333333969116 11
1561932344642 0.9972333334604899 12
1561932344649 0.9975666667938232 13
1561932344657 0.9980166666666667 14
1561932344665 0.9984500000635783 15
1561932344673 0.99875 16
1561932344681 0.9990666667302449 17
1561932344688 0.9991333333969116 18
1561932344696 0.9991666666666666 19
1561932344704 0.9995500000635783 20
1561932344712 0.9994833333333333 21
1561932344719 0.9995166666666667 22
1561932344727 0.9996333333333334 23
1561932344735 0.9996166666666667 24
1561932344743 0.99965 25
1561932344750 0.9998166666666667 26
1561932344758 0.9997666666666667 27
1561932344766 0.9997166666666667 28
1561932344774 0.9997833333333334 29
1561932344781 0.9998333333333334 30
1561932344789 0.9998833333333333 31
1561932344797 0.9998166666666667 32
1561932344805 0.9999166666666667 33
1561932344812 0.99995 34
1561932344820 0.9999 35
1561932344828 0.9999833333333333 36
1561932344836 0.9998833333333333 37
1561932344844 0.99985 38
1561932344851 0.9998666666666667 39
1561932344859 0.9998 40
1561932344867 0.99985 41
1561932344875 0.9998833333333333 42
1561932344883 0.9999833333333333 43
1561932344891 0.9998833333333333 44
1561932344899 0.9999 45
1561932344906 0.9999333333333333 46
1561932344914 0.9999166666666667 47
1561932344922 0.99985 48
1561932344930 0.9999166666666667 49
1561932344938 0.99985 50
1561932344945 0.9999833333333333 51
1561932344953 0.9999 52
1561932344961 0.9999166666666667 53
1561932344969 0.9999333333333333 54
1561932344977 0.9998666666666667 55
1561932344984 0.9999 56
1561932344992 0.9998666666666667 57
1561932345000 0.9998666666666667 58
1561932345008 0.9998166666666667 59
1561932345016 0.9998166666666667 60
1561932345024 0.9999 61
1561932345031 0.9999333333333333 62
1561932345039 0.9998333333333334 63
1561932345047 0.9999333333333333 64
1561932345055 0.9998666666666667 65
1561932345063 0.9998333333969116 66
1561932345071 0.9992333333969117 67
1561932345080 0.9988166667938232 68
1561932345088 0.9990666666666667 69
1561932345096 0.9991500000635782 70
1561932345104 0.9993000000635783 71
1561932345111 0.9995333333333334 72
1561932345119 0.9996333333333334 73
1561932345127 0.9997333333333334 74
1561932345135 0.99975 75
1561932345143 0.99975 76
1561932345151 0.9999166666666667 77
1561932345159 0.9998 78
1561932345166 0.9998833333969116 79
1561932345174 0.9998500000635783 80
1561932345182 0.9997 81
1561932345190 0.9998333333333334 82
1561932345198 0.9999166666666667 83
1561932345206 0.9999666666666667 84
1561932345214 0.9999000000635783 85
1561932345222 0.9998000000635783 86
1561932345230 0.99975 87
1561932345237 0.9998666666666667 88
1561932345245 0.9999333333969116 89
1561932345253 0.9998 90
1561932345261 0.9997166666666667 91
1561932345269 0.9998166666666667 92
1561932345277 0.9998 93
1561932345285 0.9997833334604899 94
1561932345293 0.9996166666666667 95
1561932345301 0.99985 96
1561932345309 0.99975 97
1561932345317 0.9997500000635783 98
1561932345325 0.9999333333333333 99
