1561932343788 0.46472505389054614 0
1561932343795 0.11632677883704504 1
1561932343803 0.07559756625890732 2
1561932343810 0.057854869614044825 3
1561932343818 0.045864511382579805 4
1561932343825 0.03836160116195679 5
1561932343833 0.031695100406805676 6
1561932343840 0.02677572747071584 7
1561932343847 0.023797589335838955 8
1561932343855 0.019831657592455545 9
1561932343863 0.017682301609714825 10
1561932343870 0.015321935021877288 11
1561932343877 0.01288365417768558 12
1561932343885 0.0115025643825531 13
1561932343892 0.010231231278181076 14
1561932343900 0.008393594721953074 15
1561932343907 0.007985569871217013 16
1561932343915 0.006422310736278693 17
1561932343922 0.006204894428451856 18
1561932343930 0.005557191955794891 19
1561932343937 0.004630648422241211 20
1561932343945 0.004274389810239275 21
1561932343952 0.003813733321428299 22
1561932343960 0.0036260499612738688 23
1561932343968 0.003459982055922349 24
1561932343975 0.003302547588820259 25
1561932343983 0.0027007839351892472 26
1561932343990 0.002801076405743758 27
1561932343998 0.0026174236367146175 28
1561932344005 0.0023963015301773946 29
1561932344013 0.002084468419291079 30
1561932344020 0.001948850781346361 31
1561932344028 0.0017556223009402552 32
1561932344035 0.00164576047770679 33
1561932344043 0.0014957074192663033 34
1561932344050 0.0015310691403845945 35
1561932344058 0.001325483308173716 36
1561932344065 0.001367560894228518 37
1561932344073 0.0015007850289344789 38
1561932344083 0.0014753816461811464 39
1561932344090 0.0014252863096694151 40
1561932344098 0.0015355299652243654 41
1561932344105 0.001300700403532634 42
1561932344113 0.0010473886708418528 43
1561932344121 0.001157756896270439 44
1561932344128 0.0010434740071495374 45
1561932344136 0.0010283021751170357 46
1561932344143 0.0009754832926206291 47
1561932344151 0.0012374993896732728 48
1561932344159 0.0011589343287050724 49
1561932344166 0.0010959399001983306 50
1561932344174 0.0008132349780450265 51
1561932344181 0.0008589888177812099 52
1561932344189 0.0009187356632358085 53
1561932344197 0.0007796507821107904 54
1561932344205 0.000992025380798926 55
1561932344212 0.0009969980496913194 56
1561932344220 0.0010040752813220025 57
1561932344228 0.0009572562272349993 58
1561932344235 0.0012138164777929583 59
1561932344243 0.0011436692769949636 60
1561932344250 0.0009536523887577156 61
1561932344258 0.0008348490411726137 62
1561932344265 0.0009764410347212106 63
1561932344273 0.000808278492372483 64
1561932344281 0.0008269970735535026 65
1561932344288 0.001022577092796564 66
1561932344296 0.0032440394543111323 67
1561932344304 0.004004416733483474 68
1561932344311 0.004221357151431342 69
1561932344319 0.0031812577068805695 70
1561932344326 0.0027458928269644576 71
1561932344334 0.0022290367445598046 72
1561932344342 0.0015267543073743581 73
1561932344349 0.001270387531258166 74
1561932344357 0.0014133381539334854 75
1561932344365 0.0013523734659887851 76
1561932344372 0.0008080066807257632 77
1561932344380 0.0008738991432978462 78
1561932344388 0.0007341140006979307 79
1561932344396 0.0008591864424447219 80
1561932344403 0.001325047255679965 81
1561932344411 0.0011330431597152105 82
1561932344419 0.0007443455546783904 83
1561932344426 0.0004912499257673819 84
1561932344434 0.000561944272990028 85
1561932344442 0.0008490560655792554 86
1561932344450 0.0013533377503976225 87
1561932344457 0.0008979966829220454 88
1561932344465 0.0006078156230350336 89
1561932344473 0.0008728749361510078 90
1561932344480 0.0009309703623875975 91
1561932344488 0.0009904543716460466 92
1561932344496 0.0008199290098312 93
1561932344503 0.0008588277300198873 94
1561932344511 0.0014004377773031592 95
1561932344519 0.0009103520250568787 96
1561932344526 0.0010483838010734569 97
1561932344534 0.0008564172028253476 98
1561932344541 0.0007016805361956358 99
