1561934753847 0.19986666069030762 0
1561934753855 0.5263833328247071 1
1561934753862 0.6679833285649618 2
1561934753870 0.7379333212852478 3
1561934753878 0.7798166536013286 4
1561934753885 0.8092166639963786 5
1561934753893 0.8318166614214579 6
1561934753900 0.8493333275794983 7
1561934753908 0.8626333301544189 8
1561934753915 0.8744333285649617 9
1561934753923 0.8818833300590515 10
1561934753931 0.889150012811025 11
1561934753938 0.8956500055631001 12
1561934753946 0.9041833381017049 13
1561934753953 0.9102666773160298 14
1561934753961 0.9149000015258789 15
1561934753969 0.9185833411216736 16
1561934753976 0.9237499982515971 17
1561934753984 0.9265333251635234 18
1561934753992 0.9312000043233236 19
1561934753999 0.9323333210309347 20
1561934754007 0.9366833283424377 21
1561934754014 0.9390333227475485 22
1561934754022 0.9409333296140034 23
1561934754030 0.943533345858256 24
1561934754037 0.9461166785875956 25
1561934754045 0.9471500079790751 26
1561934754052 0.9492166702906291 27
1561934754060 0.9509666663487752 28
1561934754068 0.953133322207133 29
1561934754077 0.9548499990781149 30
1561934754086 0.9560000132242839 31
1561934754093 0.9568333220163981 32
1561934754101 0.9582333203633626 33
1561934754109 0.9586000041007996 34
1561934754117 0.9606833216349284 35
1561934754124 0.9607500126520793 36
1561934754132 0.9618666622479757 37
1561934754140 0.9630499866485596 38
1561934754148 0.9638333343505859 39
1561934754156 0.9653166699727377 40
1561934754163 0.9656333220799764 41
1561934754171 0.9662166577021281 42
1561934754179 0.9682333287556966 43
1561934754187 0.967500007279714 44
1561934754194 0.9689666776974996 45
1561934754202 0.9692833401997885 46
1561934754210 0.9698000129063924 47
1561934754218 0.970466658560435 48
1561934754226 0.970916672929128 49
