1561934753472 2.483405882835388 0
1561934753479 1.4387292488733927 1
1561934753487 1.0643176982243856 2
1561934753494 0.8758569459915161 3
1561934753502 0.7562980264981588 4
1561934753509 0.6722792994817098 5
1561934753517 0.6091826787312825 6
1561934753524 0.5584245637575785 7
1561934753532 0.515945872370402 8
1561934753539 0.4789658409913381 9
1561934753547 0.45327635475794475 10
1561934753554 0.42659842540423076 11
1561934753561 0.40168697808583576 12
1561934753569 0.37951008721987406 13
1561934753576 0.3575810510635376 14
1561934753584 0.34342524585723877 15
1561934753591 0.32763737072944643 16
1561934753598 0.3116654021104177 17
1561934753606 0.2978308552265167 18
1561934753613 0.28345077749888103 19
1561934753621 0.27268462991714476 20
1561934753629 0.26251390487353005 21
1561934753636 0.2529660133838654 22
1561934753643 0.2412936840057373 23
1561934753651 0.23398803839683532 24
1561934753658 0.22266115430990854 25
1561934753666 0.2175587005297343 26
1561934753673 0.20810379234949747 27
1561934753681 0.20029928585688273 28
1561934753688 0.19642386178175608 29
1561934753696 0.18817817049821217 30
1561934753703 0.18368934025764466 31
1561934753711 0.1776470364332199 32
1561934753719 0.17252491307258605 33
1561934753726 0.16936022633711498 34
1561934753734 0.16399594591458638 35
1561934753741 0.16204360628922782 36
1561934753749 0.157066348528862 37
1561934753756 0.15220257867177328 38
1561934753764 0.14933453337351482 39
1561934753772 0.1435920694033305 40
1561934753779 0.14240060841242472 41
1561934753787 0.13876221301555633 42
1561934753794 0.13427759610811868 43
1561934753802 0.13352240410645802 44
1561934753809 0.12963450419902803 45
1561934753817 0.12706369205315907 46
1561934753825 0.1254743441740672 47
1561934753832 0.12256486009756724 48
1561934753840 0.12072434925635656 49
