1561933398206 0.7263499998410543 0
1561933398214 0.9178000002861023 1
1561933398221 0.9474833332379659 2
1561933398229 0.9592833335240682 3
1561933398237 0.9677666666666667 4
1561933398245 0.971516666952769 5
1561933398252 0.9739166666666667 6
1561933398260 0.9774000002861023 7
1561933398268 0.9787166666030884 8
1561933398276 0.9800833333651224 9
1561933398283 0.9807499998092651 10
1561933398291 0.9824166666984558 11
1561933398299 0.9838666668256124 12
1561933398307 0.9838666668574015 13
1561933398314 0.9852499998410543 14
1561933398322 0.9858666668891907 15
1561933398330 0.985899999777476 16
1561933398337 0.9867666665077209 17
1561933398345 0.9876333334287007 18
1561933398353 0.9881166665712993 19
1561933398361 0.9881333331425984 20
1561933398368 0.9895000001907349 21
1561933398376 0.9896666666348776 22
1561933398384 0.9902500001907348 23
1561933398392 0.9899833331108093 24
1561933398400 0.991183333047231 25
1561933398408 0.9907833335240682 26
1561933398415 0.9918000002543131 27
1561933398423 0.9921666669209798 28
1561933398431 0.9920999999046326 29
1561933398439 0.9920166665077209 30
1561933398446 0.9925500002543132 31
1561933398454 0.9924833331108093 32
1561933398462 0.992266666507721 33
1561933398470 0.9931666669209798 34
1561933398478 0.993249999777476 35
1561933398485 0.9939166667938233 36
1561933398493 0.9936166667938232 37
1561933398501 0.9939666668574015 38
1561933398509 0.994399999777476 39
1561933398517 0.9949166667938233 40
1561933398524 0.9943333333015442 41
1561933398532 0.9947000001907349 42
1561933398540 0.9945333335240681 43
1561933398548 0.994899999777476 44
1561933398556 0.9955833333969116 45
1561933398563 0.9955166663805644 46
1561933398571 0.9956000002543132 47
1561933398579 0.9953499997138977 48
1561933398587 0.9951166663805644 49
1561933398595 0.995583333047231 50
1561933398603 0.9954833335876465 51
1561933398610 0.995749999777476 52
1561933398618 0.9956666666666667 53
1561933398626 0.9957166668574016 54
1561933398634 0.9957500000635783 55
1561933398642 0.9958500001271565 56
1561933398650 0.9961000001271566 57
1561933398658 0.9963666667938232 58
1561933398666 0.99665 59
1561933398673 0.9962666668574015 60
1561933398681 0.996616666730245 61
1561933398689 0.9963833335240682 62
1561933398697 0.9960500000635782 63
1561933398705 0.996666666507721 64
1561933398713 0.9961833335240682 65
1561933398721 0.9965666667938232 66
1561933398729 0.9968666668574016 67
1561933398736 0.9967500001271565 68
1561933398744 0.99698333346049 69
1561933398752 0.9967 70
1561933398760 0.9975666666666667 71
1561933398768 0.9970833335240682 72
1561933398776 0.9968000001907349 73
1561933398784 0.9973666667938232 74
1561933398792 0.9970833335240682 75
1561933398799 0.9971666667938233 76
1561933398807 0.9975333334604899 77
1561933398815 0.9971833330472311 78
1561933398823 0.9970000000635783 79
1561933398831 0.9972666668574015 80
1561933398839 0.9974 81
1561933398847 0.997616666730245 82
1561933398855 0.9974500002543132 83
1561933398863 0.9970833335240682 84
1561933398871 0.9967666669209798 85
1561933398878 0.9975499997138977 86
1561933398886 0.9969666667938233 87
1561933398894 0.9970833335876464 88
1561933398902 0.9974500000635783 89
1561933398910 0.997516666730245 90
1561933398918 0.997716666730245 91
1561933398926 0.9975666669209798 92
1561933398934 0.9975166667938232 93
1561933398942 0.9978333333969116 94
1561933398950 0.9975666667938232 95
1561933398958 0.9975833333333334 96
1561933398966 0.9976333333969116 97
1561933398974 0.9979666666666667 98
1561933398982 0.9982166666666666 99
