1561933397440 0.9132786365826925 0
1561933397447 0.33979599476655326 1
1561933397455 0.21698366091251373 2
1561933397462 0.162300829577446 3
1561933397470 0.13329038366476695 4
1561933397477 0.11347943074703216 5
1561933397485 0.10235569535096486 6
1561933397492 0.09017726049025854 7
1561933397500 0.08277489411433538 8
1561933397508 0.07583727376858393 9
1561933397515 0.07123888334035873 10
1561933397522 0.06617936536471049 11
1561933397530 0.06108963698943456 12
1561933397537 0.059312892095247906 13
1561933397545 0.05534929056962331 14
1561933397553 0.051774194645881656 15
1561933397560 0.050821977587540944 16
1561933397568 0.047734272847572964 17
1561933397575 0.04377265138228734 18
1561933397582 0.04253425844907761 19
1561933397590 0.04073640601833661 20
1561933397598 0.039252765822410586 21
1561933397605 0.03811259314616521 22
1561933397613 0.036593320515751836 23
1561933397620 0.03605455993314584 24
1561933397628 0.032252216188112894 25
1561933397636 0.03163929791053136 26
1561933397643 0.030119275441765785 27
1561933397651 0.028475496427218118 28
1561933397658 0.02868026988307635 29
1561933397666 0.028284687026341754 30
1561933397673 0.026377994545300803 31
1561933397681 0.02530052639245987 32
1561933397688 0.026369407453139624 33
1561933397696 0.02454625816345215 34
1561933397704 0.02287185266216596 35
1561933397711 0.02141772127946218 36
1561933397719 0.02178487108250459 37
1561933397726 0.02075261479318142 38
1561933397734 0.019939172505338987 39
1561933397741 0.01882886511683464 40
1561933397749 0.019422337660193443 41
1561933397756 0.018990166585644085 42
1561933397764 0.018324243648846945 43
1561933397771 0.0174153782894214 44
1561933397779 0.01581905587116877 45
1561933397787 0.015754342632492382 46
1561933397794 0.015781588820616404 47
1561933397802 0.01608025161723296 48
1561933397809 0.015969325310985247 49
1561933397817 0.01513671966691812 50
1561933397825 0.01592026058137417 51
1561933397832 0.015143479150533675 52
1561933397840 0.014807189633448918 53
1561933397847 0.014411972812811534 54
1561933397855 0.013985224055250486 55
1561933397863 0.013371939130624136 56
1561933397870 0.013018373273313046 57
1561933397878 0.012334799369176228 58
1561933397885 0.012409130296856166 59
1561933397893 0.0124640526642402 60
1561933397901 0.012348792833089829 61
1561933397908 0.012510276719431083 62
1561933397916 0.013007282802959283 63
1561933397923 0.011325861270229021 64
1561933397931 0.012955610938866933 65
1561933397939 0.011469684549669425 66
1561933397947 0.011173339775701363 67
1561933397954 0.011095961934824785 68
1561933397962 0.010454191682239374 69
1561933397969 0.01119375840673844 70
1561933397977 0.009205709129571915 71
1561933397985 0.00983228946874539 72
1561933397992 0.010208863145112991 73
1561933398000 0.009331449380517005 74
1561933398008 0.009598364410797755 75
1561933398015 0.009283113581935565 76
1561933398023 0.008722315783798694 77
1561933398031 0.009311512571573257 78
1561933398038 0.009259595535198848 79
1561933398046 0.009481247698764007 80
1561933398053 0.008826222287118435 81
1561933398061 0.008469251435995102 82
1561933398069 0.008526895951728026 83
1561933398080 0.010101095145940781 84
1561933398089 0.00981185209353765 85
1561933398096 0.008534296065568924 86
1561933398104 0.009538622135917345 87
1561933398112 0.009105658688147862 88
1561933398120 0.008194022891918819 89
1561933398127 0.00797868242263794 90
1561933398135 0.0075519587891797225 91
1561933398143 0.008067652467389901 92
1561933398151 0.008159616366277139 93
1561933398159 0.007493514404942592 94
1561933398167 0.007905545981228352 95
1561933398175 0.007874642264284193 96
1561933398182 0.007513586173454921 97
1561933398190 0.006855785929287473 98
1561933398198 0.006258418900892139 99
