1561886404425 0.7493999997456868 0
1561886404433 0.919449999777476 1
1561886404441 0.9476833333969116 2
1561886404449 0.9603833333969116 3
1561886404456 0.9685666667302449 4
1561886404464 0.9719499997456869 5
1561886404472 0.9761999998728434 6
1561886404480 0.978816666762034 7
1561886404488 0.9800999998092651 8
1561886404495 0.9821000000317891 9
1561886404504 0.9830833333015442 10
1561886404511 0.9842333331743877 11
1561886404519 0.9853833333015442 12
1561886404527 0.9859666666348775 13
1561886404535 0.9862166667620341 14
1561886404543 0.9872999997138977 15
1561886404551 0.9886333333015442 16
1561886404558 0.9868333331108093 17
1561886404566 0.9888999997138977 18
1561886404574 0.9898833330472311 19
