1561886404254 0.8324726325511932 0
1561886404262 0.32393323826789855 1
1561886404271 0.21346691040992738 2
1561886404279 0.16007683688004812 3
1561886404288 0.12918165055910746 4
1561886404296 0.10950452400048574 5
1561886404305 0.09490765637556711 6
1561886404314 0.0863834342042605 7
1561886404322 0.07684161280790965 8
1561886404331 0.07032059658368428 9
1561886404339 0.06557420865694681 10
1561886404348 0.06092935567100843 11
1561886404357 0.056208742529153824 12
1561886404365 0.05341847724318504 13
1561886404374 0.05037081412275632 14
1561886404382 0.04708542381922404 15
1561886404391 0.04389976207613945 16
1561886404400 0.04523683010240396 17
1561886404408 0.04125966989000638 18
1561886404417 0.03725106832186381 19
