1561880795192 0.8836666666984558 0
1561880795200 0.9635166666666667 1
1561880795207 0.9725666666348776 2
1561880795215 0.9779499999682109 3
1561880795222 0.9795500000317892 4
1561880795230 0.9817833333333333 5
1561880795237 0.9842833333015442 6
1561880795245 0.9857999999682109 7
1561880795253 0.9862333333333333 8
1561880795260 0.9874333333333334 9
1561880795268 0.9877333333333334 10
1561880795275 0.9884500000317892 11
1561880795283 0.99015 12
1561880795290 0.9895833333333334 13
1561880795298 0.9905166666666667 14
1561880795305 0.9907666666984558 15
1561880795313 0.9911833333015442 16
1561880795321 0.9914833333015441 17
1561880795328 0.9924166666348775 18
1561880795336 0.9918333333015442 19
