1561880795038 0.4271036393602689 0
1561880795047 0.1379108392794927 1
1561880795055 0.10138865009943644 2
1561880795063 0.07900279284715653 3
1561880795071 0.07210354958772659 4
1561880795080 0.06249808534781138 5
1561880795088 0.055358866091569266 6
1561880795096 0.04873638326426347 7
1561880795103 0.045737319483359656 8
1561880795111 0.04337222219010194 9
1561880795118 0.04123531835824251 10
1561880795126 0.03867497144540151 11
1561880795133 0.03412317102650801 12
1561880795140 0.03393184347252051 13
1561880795148 0.031262206609050436 14
1561880795155 0.029691998998324077 15
1561880795163 0.02848860025405884 16
1561880795170 0.02710841085811456 17
1561880795177 0.02558688847819964 18
1561880795185 0.02615993394056956 19
