1561883373165 0.9565666666666667 0
1561883373173 0.9771666666666666 1
1561883373181 0.9810333333333333 2
1561883373189 0.98395 3
1561883373196 0.9867833333333333 4
1561883373204 0.988 5
1561883373212 0.9887666666666667 6
1561883373220 0.99025 7
1561883373228 0.9901166666666666 8
1561883373236 0.9923166666666666 9
1561883373244 0.99175 10
1561883373252 0.9920833333333333 11
1561883373260 0.9927166666666667 12
1561883373268 0.99315 13
1561883373276 0.99375 14
1561883373284 0.9943 15
1561883373292 0.9942833333333333 16
1561883373300 0.9945666666666667 17
1561883373308 0.9949166666666667 18
1561883373316 0.9951666666666666 19
