1561883372998 0.1463275923708609 0
1561883373007 0.0761768209691237 1
1561883373015 0.06179205638174123 2
1561883373024 0.05185402863753067 3
1561883373032 0.0444142648523751 4
1561883373041 0.0389500147847061 5
1561883373049 0.03568198933364377 6
1561883373058 0.031546347410928016 7
1561883373066 0.030228412372185508 8
1561883373075 0.024908072207792186 9
1561883373085 0.025236376271274518 10
1561883373093 0.025279555678667506 11
1561883373101 0.022485991821461358 12
1561883373109 0.02243037792121674 13
1561883373117 0.018825774063154617 14
1561883373125 0.018431529206334986 15
1561883373133 0.01709437314560467 16
1561883373141 0.016548379642536686 17
1561883373149 0.01611966176105064 18
1561883373157 0.015640255713161483 19
