1561885190211 0.8783666665712992 0
1561885190220 0.9676166668256124 1
1561885190228 0.979100000222524 2
1561885190237 0.9833166668891907 3
1561885190245 0.9865333331743876 4
1561885190254 0.9883000000953674 5
1561885190262 0.9900666663805644 6
1561885190271 0.9917333334604899 7
1561885190279 0.9927333335876465 8
1561885190288 0.9936333331108094 9
1561885190296 0.9945000002543132 10
1561885190304 0.9951000001271566 11
1561885190312 0.9951500002543131 12
1561885190319 0.9962000001271566 13
1561885190327 0.9959999997138977 14
1561885190335 0.9968500000635783 15
1561885190343 0.99703333346049 16
1561885190350 0.9968166667938232 17
1561885190358 0.9975000001271566 18
1561885190366 0.9977000001271565 19
