1561885190039 0.40433175961176554 0
1561885190047 0.1153334960301717 1
1561885190056 0.07702082750399908 2
1561885190064 0.05920385437011719 3
1561885190073 0.04890955863793691 4
1561885190084 0.041203847072521844 5
1561885190093 0.03480499002138773 6
1561885190101 0.03024864422182242 7
1561885190110 0.025921039921045302 8
1561885190118 0.023500756021340687 9
1561885190127 0.021060896082719167 10
1561885190135 0.017831062898039818 11
1561885190144 0.016701006717483202 12
1561885190152 0.014132399515310923 13
1561885190160 0.014121837782859803 14
1561885190169 0.012755800256629785 15
1561885190177 0.0111213810796539 16
1561885190186 0.011339977414906026 17
1561885190194 0.009707585828006267 18
1561885190203 0.00877181371624271 19
