1561931698241 0.9180000001907349 0
1561931698248 0.9796833334287007 1
1561931698256 0.9875333335876465 2
1561931698263 0.9916500002543132 3
1561931698271 0.9942166663805644 4
1561931698279 0.9961166668574015 5
1561931698286 0.9978500000635783 6
1561931698294 0.9989000001271566 7
1561931698301 0.9993 8
1561931698309 0.9997833333333334 9
1561931698317 0.9997833333333334 10
1561931698324 0.99995 11
1561931698332 1.0 12
1561931698339 1.0 13
1561931698347 1.0 14
1561931698355 1.0 15
1561931698362 1.0 16
1561931698370 1.0 17
1561931698377 1.0 18
1561931698385 1.0 19
1561931698393 1.0 20
1561931698400 1.0 21
1561931698408 1.0 22
1561931698415 1.0 23
1561931698423 1.0 24
1561931698431 1.0 25
1561931698438 1.0 26
1561931698446 1.0 27
1561931698453 1.0 28
1561931698461 1.0 29
1561931698468 1.0 30
1561931698476 1.0 31
1561931698484 1.0 32
1561931698491 1.0 33
1561931698499 1.0 34
1561931698507 1.0 35
1561931698514 1.0 36
1561931698522 1.0 37
1561931698530 1.0 38
1561931698537 1.0 39
1561931698545 1.0 40
1561931698552 1.0 41
1561931698560 1.0 42
1561931698568 1.0 43
1561931698575 1.0 44
1561931698583 1.0 45
1561931698590 1.0 46
1561931698598 1.0 47
1561931698606 1.0 48
1561931698613 1.0 49
1561931698621 1.0 50
1561931698629 1.0 51
1561931698636 1.0 52
1561931698644 1.0 53
1561931698652 1.0 54
1561931698659 1.0 55
1561931698667 1.0 56
1561931698675 1.0 57
1561931698683 1.0 58
1561931698690 1.0 59
1561931698698 1.0 60
1561931698706 1.0 61
1561931698713 1.0 62
1561931698721 1.0 63
1561931698729 1.0 64
1561931698736 1.0 65
1561931698744 1.0 66
1561931698752 1.0 67
1561931698759 1.0 68
1561931698767 1.0 69
1561931698775 1.0 70
1561931698782 1.0 71
1561931698790 1.0 72
1561931698798 1.0 73
1561931698805 1.0 74
1561931698813 1.0 75
1561931698821 1.0 76
1561931698828 1.0 77
1561931698836 1.0 78
1561931698844 1.0 79
1561931698851 1.0 80
1561931698859 1.0 81
1561931698867 1.0 82
1561931698875 1.0 83
1561931698882 1.0 84
1561931698890 1.0 85
1561931698898 1.0 86
1561931698906 1.0 87
1561931698913 1.0 88
1561931698921 1.0 89
1561931698928 1.0 90
1561931698936 1.0 91
1561931698944 1.0 92
1561931698952 1.0 93
1561931698959 1.0 94
1561931698967 1.0 95
1561931698975 1.0 96
1561931698983 1.0 97
1561931698990 1.0 98
1561931698998 1.0 99
