1561931697496 0.2731830385645231 0
1561931697503 0.06980967056751251 1
1561931697510 0.04394234138627847 2
1561931697518 0.0300475647687912 3
1561931697525 0.02234382498264313 4
1561931697532 0.01622109549144904 5
1561931697540 0.011518147475024065 6
1561931697547 0.008143250474333763 7
1561931697554 0.005937953628847996 8
1561931697562 0.004062358531604211 9
1561931697569 0.003028401046618819 10
1561931697576 0.0021667788005123537 11
1561931697584 0.0017185595682511726 12
1561931697591 0.0013179038427770138 13
1561931697598 0.00111130626766632 14
1561931697606 0.0009243115902257462 15
1561931697613 0.0008016047089050213 16
1561931697620 0.0006866537846624851 17
1561931697628 0.0006060788518749177 18
1561931697635 0.0005430987514555455 19
1561931697642 0.0004815058986811588 20
1561931697650 0.00042685060799121856 21
1561931697657 0.0003831675904182096 22
1561931697664 0.0003462782767446091 23
1561931697672 0.0003218108369658391 24
1561931697679 0.00028770337752066555 25
1561931697687 0.0002660886623120556 26
1561931697694 0.0002450494153269877 27
1561931697701 0.0002292447353635604 28
1561931697709 0.00020929575772024692 29
1561931697716 0.00019220856971417864 30
1561931697723 0.00017640245510265232 31
1561931697731 0.00016517399484291672 32
1561931697738 0.00015261707533306131 33
1561931697746 0.0001422430411291619 34
1561931697753 0.00013309136582926538 35
1561931697761 0.00012263326573884115 36
1561931697768 0.00011865530428476631 37
1561931697775 0.00010860556611636033 38
1561931697783 0.00010295280388866862 39
1561931697790 9.609929200572272e-05 40
1561931697797 9.051620727404953e-05 41
1561931697805 8.499482016001517e-05 42
1561931697812 8.173386975734805e-05 43
1561931697820 7.70481866124707e-05 44
1561931697827 7.242657522050042e-05 45
1561931697834 6.851741978510594e-05 46
1561931697842 6.519670935037235e-05 47
1561931697849 6.15776333414639e-05 48
1561931697856 5.897390597965568e-05 49
1561931697864 5.527749384054914e-05 50
1561931697871 5.329640208122631e-05 51
1561931697879 5.0309019861742854e-05 52
1561931697886 4.772129684570246e-05 53
1561931697893 4.501644545428765e-05 54
1561931697901 4.2486886164018264e-05 55
1561931697909 4.062969606408539e-05 56
1561931697916 3.893169728689827e-05 57
1561931697924 3.7018750128724304e-05 58
1561931697931 3.5106942577598e-05 59
1561931697939 3.390819801328083e-05 60
1561931697946 3.1852234747687664e-05 61
1561931697953 3.062766834239786e-05 62
1561931697961 2.9484975840508318e-05 63
1561931697968 2.8000266453212436e-05 64
1561931697976 2.7005245129112155e-05 65
1561931697983 2.577495930988031e-05 66
1561931697990 2.5272922386648135e-05 67
1561931697998 2.3670251650037243e-05 68
1561931698005 2.2502543934388086e-05 69
1561931698013 2.1866081420254582e-05 70
1561931698020 2.0985982605877022e-05 71
1561931698028 2.03037249710178e-05 72
1561931698035 1.931147307623178e-05 73
1561931698043 1.8412521126447244e-05 74
1561931698050 1.7669350607320665e-05 75
1561931698057 1.688193207179817e-05 76
1561931698065 1.621974640293047e-05 77
1561931698072 1.610169053650073e-05 78
1561931698083 1.4656394923804328e-05 79
1561931698090 1.4408195358798062e-05 80
1561931698098 1.374333945568651e-05 81
1561931698106 1.3403767528749692e-05 82
1561931698113 1.2714346437132917e-05 83
1561931698121 1.2338351185220139e-05 84
1561931698128 1.1776446203778809e-05 85
1561931698135 1.14419817783831e-05 86
1561931698143 1.1248856747503548e-05 87
1561931698151 1.0655689172563143e-05 88
1561931698158 1.065387886434716e-05 89
1561931698166 9.98065010207938e-06 90
1561931698173 9.553681725810748e-06 91
1561931698181 9.245366272322522e-06 92
1561931698188 9.230972331715748e-06 93
1561931698196 8.468682500824798e-06 94
1561931698203 8.397424471816824e-06 95
1561931698211 8.086230613116641e-06 96
1561931698218 7.813655652474456e-06 97
1561931698226 7.517867808928713e-06 98
1561931698233 7.3943561137033e-06 99
