1561931814663 0.8813833335876465 0
1561931814671 0.9720166664123535 1
1561931814678 0.9833499998410543 2
1561931814686 0.9878833330472311 3
1561931814694 0.9908666665077209 4
1561931814702 0.9926333334604899 5
1561931814709 0.9950000001907349 6
1561931814717 0.9957333335876465 7
1561931814725 0.9971666667938233 8
1561931814733 0.9978833333333333 9
1561931814741 0.9983500000635783 10
1561931814748 0.9990166667938233 11
1561931814756 0.9995 12
1561931814764 0.9995833333333334 13
1561931814772 0.99975 14
1561931814779 0.9998166666666667 15
1561931814787 0.9998833333333333 16
1561931814795 0.9999 17
1561931814803 0.9999666666666667 18
1561931814811 0.9999833333333333 19
1561931814818 0.9999833333333333 20
1561931814826 0.9999833333969116 21
1561931814834 1.0 22
1561931814842 1.0 23
1561931814849 1.0 24
1561931814857 1.0 25
1561931814865 1.0 26
1561931814873 1.0 27
1561931814881 1.0 28
1561931814889 1.0 29
1561931814896 1.0 30
1561931814905 1.0 31
1561931814912 1.0 32
1561931814920 1.0 33
1561931814928 1.0 34
1561931814936 1.0 35
1561931814944 1.0 36
1561931814952 1.0 37
1561931814960 1.0 38
1561931814967 1.0 39
1561931814975 1.0 40
1561931814983 1.0 41
1561931814991 1.0 42
1561931814999 1.0 43
1561931815007 1.0 44
1561931815015 1.0 45
1561931815023 1.0 46
1561931815031 1.0 47
1561931815039 1.0 48
1561931815047 1.0 49
1561931815055 1.0 50
1561931815063 1.0 51
1561931815071 1.0 52
1561931815080 1.0 53
1561931815089 1.0 54
1561931815097 1.0 55
1561931815105 1.0 56
1561931815113 1.0 57
1561931815121 1.0 58
1561931815130 1.0 59
1561931815138 1.0 60
1561931815146 1.0 61
1561931815154 1.0 62
1561931815162 1.0 63
1561931815170 1.0 64
1561931815178 1.0 65
1561931815186 1.0 66
1561931815194 1.0 67
1561931815202 1.0 68
1561931815210 1.0 69
1561931815218 1.0 70
1561931815226 1.0 71
1561931815234 1.0 72
1561931815242 1.0 73
1561931815249 1.0 74
1561931815257 1.0 75
1561931815266 1.0 76
1561931815274 1.0 77
1561931815282 1.0 78
1561931815289 1.0 79
1561931815297 1.0 80
1561931815305 1.0 81
1561931815313 1.0 82
1561931815321 1.0 83
1561931815329 1.0 84
1561931815337 1.0 85
1561931815345 1.0 86
1561931815353 1.0 87
1561931815361 1.0 88
1561931815369 1.0 89
1561931815377 1.0 90
1561931815385 1.0 91
1561931815393 1.0 92
1561931815401 1.0 93
1561931815409 1.0 94
1561931815417 1.0 95
1561931815425 1.0 96
1561931815433 1.0 97
1561931815441 1.0 98
1561931815449 1.0 99
