1561931813898 0.38784366114139557 0
1561931813905 0.09723199562231699 1
1561931813913 0.06005189159909884 2
1561931813920 0.04402093478441239 3
1561931813928 0.03438950562079748 4
1561931813935 0.02801496724188328 5
1561931813943 0.02238892931044102 6
1561931813950 0.01876733226776123 7
1561931813958 0.014999346640706063 8
1561931813965 0.012270186912516752 9
1561931813973 0.010112044254938762 10
1561931813980 0.008134005630513032 11
1561931813988 0.006609915471076966 12
1561931813995 0.005433144896725813 13
1561931814002 0.004453504697605967 14
1561931814010 0.0037785568695515395 15
1561931814018 0.0031546684708446265 16
1561931814025 0.0027094250840445358 17
1561931814033 0.002329379363854726 18
1561931814040 0.0019879711371536056 19
1561931814048 0.0017297558588907122 20
1561931814055 0.0015488159695019326 21
1561931814063 0.0014381631541376312 22
1561931814071 0.0012564972322434186 23
1561931814081 0.0011017615419191618 24
1561931814089 0.0009670732215667765 25
1561931814096 0.0008839138707146049 26
1561931814104 0.000802224679167072 27
1561931814112 0.0007452456059244772 28
1561931814119 0.0006940801373993357 29
1561931814127 0.0006398196644770602 30
1561931814134 0.0005846279741575321 31
1561931814142 0.000548597519348065 32
1561931814150 0.0005214205585109691 33
1561931814157 0.0004780815743065129 34
1561931814165 0.0004448459351124863 35
1561931814172 0.00042283561762111884 36
1561931814180 0.0003955436943875005 37
1561931814187 0.0003782231806932638 38
1561931814195 0.0003518491968512535 39
1561931814203 0.0003372402355695764 40
1561931814210 0.000318818441980208 41
1561931814218 0.0002988652134857451 42
1561931814226 0.00028375542668315274 43
1561931814233 0.0002715616048624118 44
1561931814241 0.000262888702377677 45
1561931814248 0.0002470180581634243 46
1561931814256 0.00023589548333548008 47
1561931814264 0.00022533648825871446 48
1561931814271 0.00021436388321453706 49
1561931814279 0.00020611732160517326 50
1561931814286 0.0001945387455324332 51
1561931814294 0.0001887230505545934 52
1561931814302 0.00018017700750691196 53
1561931814309 0.0001734987582002456 54
1561931814317 0.00016572181553735086 55
1561931814325 0.0001616575287732606 56
1561931814332 0.00015256226582763095 57
1561931814340 0.00014833859470672904 58
1561931814348 0.00014193025018709401 59
1561931814355 0.00013637765063128125 60
1561931814363 0.00013118967683209727 61
1561931814370 0.00012693298902207364 62
1561931814378 0.00012202396602369845 63
1561931814386 0.00011740852298680694 64
1561931814394 0.0001141914372332394 65
1561931814401 0.00010944562318812435 66
1561931814409 0.00010615307509433479 67
1561931814416 0.00010319317444227636 68
1561931814424 0.00010037103796688219 69
1561931814432 9.601785331033171e-05 70
1561931814440 9.207269328568752e-05 71
1561931814447 8.894118251434217e-05 72
1561931814455 8.705285717733205e-05 73
1561931814462 8.353340423588331e-05 74
1561931814470 8.08528531032304e-05 75
1561931814478 7.96142766911847e-05 76
1561931814485 7.712846267968417e-05 77
1561931814493 7.555744579294696e-05 78
1561931814501 7.211187857901678e-05 79
1561931814508 7.108185336304207e-05 80
1561931814516 6.846820330247283e-05 81
1561931814524 6.6510771571969e-05 82
1561931814531 6.492010403502111e-05 83
1561931814539 6.249295900925063e-05 84
1561931814547 6.0641806805506346e-05 85
1561931814555 5.97432487217399e-05 86
1561931814562 5.797034054994583e-05 87
1561931814570 5.674769679705302e-05 88
1561931814578 5.540451518027112e-05 89
1561931814586 5.3785235141792025e-05 90
1561931814593 5.193911535898223e-05 91
1561931814601 5.0654931490619975e-05 92
1561931814609 4.9044423668722934e-05 93
1561931814616 4.733774433649766e-05 94
1561931814624 4.71957914181985e-05 95
1561931814632 4.517029375613978e-05 96
1561931814640 4.446670138665164e-05 97
1561931814647 4.317438519016529e-05 98
1561931814655 4.193249152158387e-05 99
