1561887214342 0.6975333333333333 0
1561887214350 0.8318166666666666 1
1561887214358 0.8442666666666667 2
1561887214367 0.8625 3
1561887214375 0.8713 4
1561887214383 0.877 5
1561887214391 0.8796 6
1561887214399 0.8861 7
1561887214408 0.8891833333333333 8
1561887214416 0.894 9
1561887214424 0.8953 10
1561887214432 0.8943333333333333 11
1561887214441 0.8995166666666666 12
1561887214449 0.8990666666666667 13
1561887214457 0.9031333333333333 14
1561887214465 0.90335 15
1561887214474 0.9030833333333333 16
1561887214482 0.9015666666666666 17
1561887214490 0.9068333333333334 18
1561887214498 0.9080166666666667 19
