1561887214178 0.951240825510025 0
1561887214187 0.5380271947622299 1
1561887214195 0.48536720753113427 2
1561887214203 0.4368805365641912 3
1561887214211 0.40637816372712454 4
1561887214220 0.3934681795756022 5
1561887214228 0.3882282409886519 6
1561887214236 0.3664008807937304 7
1561887214244 0.36206445489724476 8
1561887214252 0.3481262913783391 9
1561887214260 0.34215324354569115 10
1561887214269 0.3401037397444248 11
1561887214277 0.3249131466796001 12
1561887214285 0.3292901078939438 13
1561887214293 0.3166937940667073 14
1561887214301 0.3173427075942357 15
1561887214309 0.32095173666675886 16
1561887214317 0.31935311476190886 17
1561887214326 0.3067701832652092 18
1561887214334 0.30428188040951887 19
