1561884838940 0.9502 0
1561884838948 0.9772 1
1561884838956 0.9809166666666667 2
1561884838964 0.9839833333333333 3
1561884838971 0.9858666666666667 4
1561884838979 0.9873333333333333 5
1561884838987 0.9887833333333333 6
1561884838994 0.9896 7
1561884839002 0.9896 8
1561884839010 0.9907333333333334 9
1561884839017 0.99225 10
1561884839025 0.9926666666666667 11
1561884839033 0.9927833333333334 12
1561884839041 0.9931833333333333 13
1561884839048 0.9936333333333334 14
1561884839056 0.9939 15
1561884839064 0.9942833333333333 16
1561884839072 0.9938333333333333 17
1561884839087 0.9953833333333333 18
1561884839096 0.9947666666666667 19
