1561884838779 0.17065427370766797 0
1561884838787 0.0768415157267203 1
1561884838796 0.06325793535942212 2
1561884838804 0.05133534096563235 3
1561884838813 0.045689820324319105 4
1561884838821 0.0413621409816357 5
1561884838830 0.034694861658701365 6
1561884838838 0.031980408913826495 7
1561884838846 0.03195721653616832 8
1561884838853 0.02818853798395333 9
1561884838861 0.02409143675029336 10
1561884838869 0.023363895155675708 11
1561884838877 0.023439427520047563 12
1561884838885 0.02032286757948265 13
1561884838893 0.019743318306040116 14
1561884838901 0.018363272786013112 15
1561884838909 0.017789970446681156 16
1561884838917 0.01882893866485295 17
1561884838925 0.013904255270604456 18
1561884838933 0.01614858858373797 19
