1561886375094 0.8134666666030884 0
1561886375102 0.9433499999682109 1
1561886375110 0.9598000002861022 2
1561886375119 0.9677166669209798 3
1561886375127 0.9737166666984558 4
1561886375136 0.9762333333651225 5
1561886375145 0.9783999998092652 6
1561886375154 0.9810000000953675 7
1561886375163 0.9823499999046326 8
1561886375172 0.9842166668891906 9
1561886375181 0.9843166666984559 10
1561886375189 0.9856833331743876 11
1561886375199 0.9855333332061768 12
1561886375208 0.9871666664441426 13
1561886375216 0.9881833333015442 14
1561886375225 0.9880333336194357 15
1561886375233 0.9891499997138977 16
1561886375242 0.9902166666348775 17
1561886375250 0.990283333047231 18
1561886375258 0.9901166663805644 19
