1561886374931 0.652581537214915 0
1561886374940 0.2315548675298691 1
1561886374948 0.16021212724049885 2
1561886374957 0.12493768736521403 3
1561886374965 0.10237076220115025 4
1561886374974 0.08929766492446263 5
1561886374982 0.08136906821727753 6
1561886374990 0.0716001221358776 7
1561886374998 0.06393716177543005 8
1561886375006 0.05821482837001483 9
1561886375013 0.05673072590430578 10
1561886375021 0.049766695443789165 11
1561886375029 0.049678542041778566 12
1561886375037 0.04584907695651055 13
1561886375044 0.04107054863373438 14
1561886375052 0.04150216330885887 15
1561886375060 0.03779702322880427 16
1561886375067 0.034333232722679775 17
1561886375077 0.03391059385240078 18
1561886375086 0.03407860323190689 19
