1561944726855 0.14450000257492066 0
1561944726864 0.4838 1
1561944726873 0.6582999948501587 2
1561944726882 0.749800004196167 3
1561944726891 0.7966 4
1561944726900 0.8361000022888183 5
1561944726909 0.859299998664856 6
1561944726918 0.8761999956130981 7
1561944726927 0.8927999998092652 8
1561944726936 0.9032000044822693 9
1561944726945 0.915500001525879 10
1561944726954 0.9171999950408936 11
1561944726963 0.925399996471405 12
1561944726973 0.9309000003814697 13
1561944726982 0.9344999953269959 14
1561944726991 0.9365999957084655 15
1561944727000 0.9426000053405762 16
1561944727009 0.9442000028610229 17
1561944727018 0.9480000024795532 18
1561944727027 0.9497000020980835 19
1561944727036 0.9525000049591065 20
1561944727045 0.9538000013351441 21
1561944727054 0.9565000027656555 22
1561944727064 0.9612999991416931 23
1561944727073 0.9617000052452087 24
1561944727084 0.9631999958992005 25
1561944727093 0.9645999969482422 26
1561944727103 0.9667000030517579 27
1561944727112 0.9673999983787537 28
1561944727121 0.9674000026702881 29
1561944727130 0.9701999961853027 30
1561944727139 0.9712000044822693 31
1561944727148 0.9736999979972839 32
1561944727157 0.9744000022888184 33
1561944727166 0.9735999951362609 34
1561944727175 0.9756000033378601 35
1561944727185 0.9763999994277954 36
1561944727194 0.9769000008583069 37
1561944727203 0.9781999990463257 38
1561944727212 0.9790000037193298 39
1561944727221 0.9793999986648559 40
1561944727230 0.9804999994277954 41
1561944727240 0.9820000004768371 42
1561944727249 0.983299998664856 43
1561944727258 0.9826000037193299 44
1561944727267 0.9841000000953675 45
1561944727276 0.9856000019073486 46
1561944727285 0.9864000015258789 47
1561944727294 0.984999998664856 48
1561944727303 0.9854000029563904 49
1561944727312 0.9879000025749206 50
1561944727322 0.9881999982833862 51
1561944727331 0.9879999982833862 52
1561944727340 0.9885999979019165 53
1561944727350 0.9879999968528748 54
1561944727359 0.989799999332428 55
1561944727368 0.9904000007629394 56
1561944727377 0.9890000029563903 57
1561944727386 0.9901000007629395 58
1561944727395 0.9908999979019165 59
1561944727404 0.9911999979019165 60
1561944727413 0.9892999979019165 61
1561944727423 0.9906999946594238 62
1561944727432 0.9927000011444091 63
1561944727441 0.9936000007629394 64
1561944727450 0.9923000021934509 65
1561944727460 0.9946000036239624 66
1561944727469 0.9942000036239624 67
1561944727478 0.9934000050544739 68
1561944727487 0.9936999946594238 69
1561944727496 0.9940999975204468 70
1561944727506 0.9947999957084656 71
1561944727515 0.9938999979019165 72
1561944727524 0.9939999960899353 73
1561944727533 0.9954000007629394 74
1561944727542 0.9938000050544739 75
1561944727552 0.9956000050544739 76
1561944727561 0.9958000003814698 77
1561944727570 0.9957000050544739 78
1561944727579 0.9961000018119812 79
1561944727588 0.9957000018119812 80
1561944727597 0.9966999957084656 81
1561944727607 0.9969999989509583 82
1561944727616 0.9968000050544739 83
1561944727626 0.9968999989509583 84
1561944727636 0.9980000032424927 85
1561944727645 0.9975000032424927 86
1561944727654 0.997099997138977 87
1561944727663 0.9978000003814698 88
1561944727673 0.9970999957084655 89
1561944727682 0.9974999989509582 90
1561944727691 0.9975000032424927 91
1561944727700 0.9984000046730042 92
1561944727710 0.997999997138977 93
1561944727719 0.9978000032424926 94
1561944727728 0.9976000032424927 95
1561944727737 0.9981999957084656 96
1561944727747 0.9986999985694885 97
1561944727756 0.9989000018119812 98
1561944727765 0.9985000046730041 99
1561944727774 0.9990000046730042 100
1561944727784 0.9986 101
1561944727793 0.9983999957084656 102
1561944727802 0.9979000018119812 103
1561944727811 0.9986000032424927 104
1561944727821 0.9988999985694885 105
1561944727830 0.9991 106
1561944727839 0.9987000032424926 107
1561944727849 0.9989000046730041 108
1561944727858 0.9981999985694885 109
1561944727867 0.9986000018119812 110
1561944727876 0.9991000046730042 111
1561944727886 0.9989000032424927 112
1561944727895 0.9992 113
1561944727904 0.9995000046730041 114
1561944727913 0.998799997138977 115
1561944727923 0.9990000046730042 116
1561944727932 0.9992000046730042 117
1561944727941 0.9993000046730042 118
1561944727951 0.9991000032424927 119
1561944727960 0.9993000046730042 120
1561944727969 0.9995 121
1561944727979 0.9994 122
1561944727988 0.9990000032424927 123
1561944727997 0.9987 124
1561944728007 0.9991000032424927 125
1561944728016 0.9993000046730042 126
1561944728025 1.0 127
1561944728035 0.998799997138977 128
1561944728044 0.9996000046730041 129
1561944728053 0.9990999985694885 130
1561944728062 0.9994 131
1561944728072 0.9994999985694886 132
1561944728084 0.9994 133
1561944728093 0.9995000046730041 134
1561944728103 0.9991999985694885 135
1561944728112 0.9998 136
1561944728122 0.9993999985694886 137
1561944728131 0.9996 138
1561944728141 0.9996 139
1561944728150 0.9999 140
1561944728159 0.9997 141
1561944728169 1.0 142
1561944728178 0.9994 143
1561944728188 0.9996000046730041 144
1561944728197 0.9996999985694885 145
1561944728207 0.9994000046730042 146
1561944728216 0.9995 147
1561944728226 0.9992000032424927 148
1561944728235 0.9997000046730041 149
1561944728244 0.9994000046730042 150
1561944728254 0.9995999985694886 151
1561944728263 0.9994 152
1561944728273 0.9996 153
1561944728282 0.9998 154
1561944728291 0.9999 155
1561944728301 0.9995000046730041 156
1561944728310 0.9995 157
1561944728320 0.9996000046730041 158
1561944728329 0.9997000046730041 159
1561944728339 0.9999000046730041 160
1561944728348 0.9998 161
1561944728358 0.9998 162
1561944728367 0.9999 163
1561944728376 0.9998 164
1561944728386 0.9997 165
1561944728395 0.9996 166
1561944728405 0.9995000046730041 167
1561944728414 0.9998 168
1561944728424 0.9999 169
1561944728433 0.9996000046730041 170
1561944728443 0.9997 171
1561944728452 0.9995 172
1561944728462 0.9999 173
1561944728471 0.9998 174
1561944728480 0.9999000046730041 175
1561944728490 0.9999 176
1561944728499 0.9998 177
1561944728509 0.9999 178
1561944728518 0.9999 179
1561944728528 1.0 180
1561944728537 0.9996999985694885 181
1561944728547 0.9999 182
1561944728556 0.9998 183
1561944728566 0.9997 184
1561944728575 0.9996 185
1561944728584 0.9999 186
1561944728594 1.0 187
1561944728603 0.9995000046730041 188
1561944728613 0.9999 189
1561944728622 1.0 190
1561944728632 0.9995000046730041 191
1561944728642 0.9998000046730041 192
1561944728651 0.9998 193
1561944728660 0.9999 194
1561944728670 0.9997000046730041 195
1561944728679 0.9997 196
1561944728689 1.0 197
1561944728698 0.9999 198
1561944728708 0.9998 199
