1561944728717 -1.2476942426681519 0
1561944728727 -0.6430741040229797 1
1561944728737 -0.36509514751434335 2
1561944728746 -0.18811269350051885 3
1561944728755 -0.11989783487319938 4
1561944728765 -0.08546702041625981 5
1561944728775 -0.07845418133735654 6
1561944728784 -0.06712894015312193 7
1561944728794 -0.05281017785072323 8
1561944728803 -0.03553879895210266 9
1561944728813 -0.024082490015029934 10
1561944728822 -0.019614902567863468 11
1561944728832 -0.007035663938522341 12
1561944728841 -0.003897843003273005 13
1561944728851 0.0009974145650863409 14
1561944728861 0.002098190069198619 15
1561944728870 0.0030090592861175547 16
1561944728880 0.007179924821853645 17
1561944728889 0.008284589958190924 18
1561944728899 0.006780721592903133 19
1561944728908 0.012060001873970022 20
1561944728918 0.00819983165264132 21
1561944728928 0.012086055445671068 22
1561944728937 0.017582265472412123 23
1561944728947 0.020043593907356272 24
1561944728957 0.02509078987836838 25
1561944728966 0.026237587511539456 26
1561944728976 0.030942188096046444 27
1561944728985 0.02893256242275237 28
1561944728995 0.03103246129751204 29
1561944729005 0.02941155576705934 30
1561944729014 0.033648406445980064 31
1561944729024 0.03573327181339264 32
1561944729033 0.03641459110975266 33
1561944729043 0.03887258632183076 34
1561944729053 0.039541901588439926 35
1561944729062 0.039415621745586396 36
1561944729072 0.03856057342290878 37
1561944729086 0.040397989058494566 38
1561944729096 0.041139792549610144 39
1561944729106 0.044379726320505145 40
1561944729115 0.04133688976764678 41
1561944729125 0.04636272488832473 42
1561944729135 0.04721150186061859 43
1561944729144 0.04645933828353882 44
1561944729154 0.04969017410278321 45
1561944729163 0.05235768179893493 46
1561944729173 0.051147019451856617 47
1561944729182 0.04911417400836945 48
1561944729192 0.051016976690292364 49
1561944729202 0.055100394785404204 50
1561944729211 0.055863320469856266 51
1561944729221 0.0541318232536316 52
1561944729230 0.05571578903198242 53
1561944729240 0.05502621391415596 54
1561944729250 0.05516758862137794 55
1561944729260 0.05766479573249818 56
1561944729271 0.05515445787906647 57
1561944729280 0.05869466123580932 58
1561944729290 0.06086999449133873 59
1561944729300 0.06124689151644707 60
1561944729310 0.058692792308330535 61
1561944729319 0.05929047661423684 62
1561944729329 0.06114167006015778 63
1561944729339 0.06244173541665077 64
1561944729349 0.06178700164556503 65
1561944729358 0.06474430736601353 66
1561944729368 0.06483599269986152 67
1561944729378 0.0638407142341137 68
1561944729387 0.06295270658135414 69
1561944729397 0.062483438375592226 70
1561944729406 0.06217387513518334 71
1561944729416 0.0643894653916359 72
1561944729426 0.06450075364112853 73
1561944729436 0.0683537709414959 74
1561944729445 0.06618140892386436 75
1561944729455 0.06646208806037904 76
1561944729465 0.06551868869960309 77
1561944729474 0.0645035407036543 78
1561944729484 0.06649762237668037 79
1561944729494 0.06639255342781544 80
1561944729503 0.06935861684381962 81
1561944729513 0.07047464838624001 82
1561944729523 0.07029301140904426 83
1561944729533 0.06991458076834679 84
1561944729542 0.06970635218918324 85
1561944729552 0.06784150619804859 86
1561944729562 0.06771578581333161 87
1561944729571 0.06843109949827195 88
1561944729581 0.06857886655330658 89
1561944729591 0.06808098187744618 90
1561944729600 0.06964533471167088 91
1561944729610 0.06987711074650288 92
1561944729620 0.06863376111984254 93
1561944729629 0.0691568602502346 94
1561944729639 0.06913161067664624 95
1561944729649 0.07106931481957435 96
1561944729659 0.07262918640077114 97
1561944729669 0.07311553980410099 98
1561944729678 0.0716352240651846 99
1561944729688 0.07139957036375999 100
1561944729698 0.07179279597997665 101
1561944729707 0.07229875559806824 102
1561944729717 0.07234361000657082 103
1561944729727 0.07219231453835964 104
1561944729737 0.07279317784011365 105
1561944729746 0.07286177923679352 106
1561944729756 0.0729689538642764 107
1561944729766 0.07251718259453774 108
1561944729776 0.07266060218662024 109
1561944729785 0.07320523787885905 110
1561944729795 0.07483814873248339 111
1561944729805 0.07410042857676744 112
1561944729814 0.0738450249671936 113
1561944729824 0.07477455510348083 114
1561944729834 0.07448498093783855 115
1561944729844 0.076151315253973 116
1561944729853 0.07628427541404963 117
1561944729863 0.07651757065057754 118
1561944729873 0.07499036854058504 119
1561944729883 0.07460573354810476 120
1561944729892 0.0743842413082719 121
1561944729902 0.07460560649782419 122
1561944729912 0.07461970983296633 123
1561944729922 0.07461232277750969 124
1561944729931 0.07518040203899146 125
1561944729941 0.07630877184569837 126
1561944729951 0.07706001817509532 127
1561944729961 0.07470598252117634 128
1561944729971 0.07603006075620651 129
1561944729980 0.07561447938680649 130
1561944729990 0.07540428308695556 131
1561944730000 0.07505830679386855 132
1561944730010 0.07487847981452941 133
1561944730020 0.07471063066124917 134
1561944730029 0.0750627720490098 135
1561944730039 0.0760988455876708 136
1561944730050 0.07631997023820877 137
1561944730059 0.07665975467562675 138
1561944730069 0.07588623085245491 139
1561944730083 0.07693455517888069 140
1561944730093 0.0773098756596446 141
1561944730103 0.07727369175553321 142
1561944730113 0.07708945935592056 143
1561944730122 0.0778344406105578 144
1561944730132 0.07833638787940143 145
1561944730142 0.077560345081985 146
1561944730152 0.07754178818017245 147
1561944730162 0.07725403166338801 148
1561944730172 0.07763532047718763 149
1561944730181 0.07735224153026937 150
1561944730191 0.07832635527923704 151
1561944730201 0.07821297676265239 152
1561944730211 0.07880047704279423 153
1561944730221 0.07846927476599812 154
1561944730231 0.07808673380389809 155
1561944730241 0.0771427472665906 156
1561944730251 0.07765866194590926 157
1561944730260 0.07741835604831576 158
1561944730270 0.07683384638279676 159
1561944730280 0.07748945675194265 160
1561944730290 0.07785101856961846 161
1561944730300 0.0777306884497404 162
1561944730310 0.07808894074559213 163
1561944730320 0.07889454070776701 164
1561944730330 0.07899243216887117 165
1561944730341 0.07900258254781366 166
1561944730351 0.07881332955509424 167
1561944730360 0.07930803645029663 168
1561944730370 0.07896907279193402 169
1561944730381 0.07879746682420373 170
1561944730391 0.07881647149398924 171
1561944730401 0.07819578987509011 172
1561944730411 0.078338872423023 173
1561944730421 0.0778983810953796 174
1561944730431 0.07804383120462298 175
1561944730441 0.07787691650539637 176
1561944730451 0.07829657156690956 177
1561944730461 0.07985187736451627 178
1561944730471 0.08012390471175312 179
1561944730481 0.08027642810344696 180
1561944730491 0.07974136641025543 181
1561944730501 0.07981663681045174 182
1561944730511 0.0797014040350914 183
1561944730521 0.07960685920417308 184
1561944730531 0.0794433312088251 185
1561944730542 0.07946885295957326 186
1561944730552 0.07954263373352587 187
1561944730562 0.07899127762913703 188
1561944730571 0.07939906072691083 189
1561944730581 0.07925056815594435 190
1561944730591 0.07828400471284985 191
1561944730601 0.07872408129945398 192
1561944730611 0.07854911230131983 193
1561944730621 0.07911538975313306 194
1561944730631 0.0794498069062829 195
1561944730641 0.08001649372130633 196
1561944730651 0.08110979795977474 197
1561944730661 0.08126192771792412 198
1561944730671 0.081657101367414 199
