1561944725091 2.6321970111846924 0
1561944725100 1.5501456157684326 1
1561944725109 1.0696367873191834 2
1561944725118 0.8030249039649964 3
1561944725126 0.6519547377586364 4
1561944725135 0.5301335107326508 5
1561944725143 0.4556101857662201 6
1561944725152 0.3986946521282196 7
1561944725160 0.3545938182353973 8
1561944725169 0.31638991560935975 9
1561944725177 0.2879084015369415 10
1561944725186 0.2701175720214844 11
1561944725195 0.2460827527999878 12
1561944725203 0.23043311500549316 13
1561944725212 0.21431806447505952 14
1561944725221 0.20363479697704315 15
1561944725229 0.19416660788059234 16
1561944725238 0.1817314824104309 17
1561944725247 0.17262893097400664 18
1561944725255 0.16731876165866852 19
1561944725264 0.15543104038238525 20
1561944725272 0.15347770709991454 21
1561944725281 0.14522472722530366 22
1561944725290 0.13638126232624054 23
1561944725298 0.13154988203048706 24
1561944725307 0.12495515719652175 25
1561944725315 0.12276741605997085 26
1561944725324 0.11573332374095917 27
1561944725333 0.11378235130310059 28
1561944725341 0.10774209855794907 29
1561944725350 0.10614787483215332 30
1561944725359 0.09964171415567398 31
1561944725367 0.09559325530529023 32
1561944725376 0.09289330699443817 33
1561944725385 0.08895129739046097 34
1561944725393 0.08638370853662491 35
1561944725402 0.08452819390296935 36
1561944725411 0.08342988923788071 37
1561944725419 0.07991651359796524 38
1561944725428 0.0781288632273674 39
1561944725437 0.07398643919825554 40
1561944725445 0.0756393392443657 41
1561944725454 0.06887398405075074 42
1561944725462 0.06644179520606995 43
1561944725471 0.06614328511953353 44
1561944725480 0.0624108025431633 45
1561944725488 0.05876094765663147 46
1561944725497 0.05853940128684044 47
1561944725506 0.05931509554386139 48
1561944725514 0.057377161526679994 49
1561944725523 0.0535926296710968 50
1561944725532 0.05243661361932755 51
1561944725541 0.05260187213420868 52
1561944725549 0.04920806639194489 53
1561944725558 0.04803011623024941 54
1561944725567 0.04651552447676659 55
1561944725575 0.04370467271804809 56
1561944725584 0.04584724752902985 57
1561944725592 0.042327052557468416 58
1561944725601 0.040777231484651566 59
1561944725610 0.04026072220206261 60
1561944725619 0.04161163811683655 61
1561944725627 0.03987658739686012 62
1561944725636 0.0369626091003418 63
1561944725645 0.03519488117098808 64
1561944725654 0.0355978315114975 65
1561944725662 0.03277229914367199 66
1561944725671 0.03276069157719612 67
1561944725680 0.033252087038755415 68
1561944725688 0.032797289007902145 69
1561944725697 0.0319713535875082 70
1561944725706 0.031456931191682816 71
1561944725715 0.02936945712566376 72
1561944725724 0.03003897851705551 73
1561944725732 0.026903484672307968 74
1561944725741 0.028555498856306077 75
1561944725750 0.02646608852148056 76
1561944725758 0.02601140675842762 77
1561944725767 0.026456523290276528 78
1561944725776 0.024396658831834794 79
1561944725785 0.025225614687800407 80
1561944725793 0.02325863043963909 81
1561944725802 0.0221604046523571 82
1561944725811 0.02184009810090065 83
1561944725820 0.021266822868585587 84
1561944725828 0.020395111963152884 85
1561944725837 0.02130741457641125 86
1561944725846 0.02107853351831436 87
1561944725855 0.020026666259765624 88
1561944725863 0.019582199084758757 89
1561944725872 0.020196103248000145 90
1561944725881 0.018620805749297142 91
1561944725890 0.018147732171416284 92
1561944725899 0.018559640276432036 93
1561944725907 0.017692876380681993 94
1561944725916 0.01810134543478489 95
1561944725925 0.017152727204561232 96
1561944725934 0.016237461081147195 97
1561944725943 0.01542998443543911 98
1561944725951 0.015979259410500525 99
1561944725960 0.015428680580854415 100
1561944725969 0.014919462716579438 101
1561944725978 0.014672474312782288 102
1561944725987 0.014768693071603774 103
1561944725995 0.01449352642595768 104
1561944726004 0.013773512962460517 105
1561944726013 0.013964771008491516 106
1561944726022 0.01369407789260149 107
1561944726030 0.013629085594415665 108
1561944726039 0.013311226810514927 109
1561944726048 0.013018940554559232 110
1561944726057 0.011670890967547894 111
1561944726066 0.01251151234358549 112
1561944726077 0.01235664085149765 113
1561944726087 0.01134204046279192 114
1561944726096 0.011889557841420173 115
1561944726105 0.010965457040071487 116
1561944726114 0.01117819154113531 117
1561944726123 0.010637439513206483 118
1561944726131 0.011168385808169841 119
1561944726140 0.010755954946577549 120
1561944726149 0.010491244588792324 121
1561944726158 0.010174041210114957 122
1561944726167 0.010347040669620037 123
1561944726175 0.010719701379537582 124
1561944726184 0.010482315064966679 125
1561944726193 0.009591009202599525 126
1561944726202 0.00894621426537633 127
1561944726211 0.010858082637190819 128
1561944726220 0.009069550049304962 129
1561944726229 0.00928026500940323 130
1561944726238 0.009165651281177998 131
1561944726247 0.009205493350327014 132
1561944726256 0.009050363862514496 133
1561944726264 0.00895514070391655 134
1561944726273 0.008827286230027676 135
1561944726282 0.008251568211615086 136
1561944726291 0.008537044715881348 137
1561944726300 0.008385075825452804 138
1561944726309 0.008951357994228602 139
1561944726318 0.007833729022741319 140
1561944726326 0.007531356461346149 141
1561944726335 0.007740212219953537 142
1561944726344 0.008185802403837442 143
1561944726353 0.007409177520126104 144
1561944726362 0.006830192380398512 145
1561944726371 0.007365623326599598 146
1561944726379 0.0070258281633257865 147
1561944726388 0.007338729733973742 148
1561944726397 0.0071997986510396 149
1561944726406 0.007686434016376734 150
1561944726415 0.007098975478857756 151
1561944726424 0.007479012599587441 152
1561944726433 0.007005686685442924 153
1561944726442 0.006695026390999555 154
1561944726452 0.00635948343500495 155
1561944726460 0.006907306091487407 156
1561944726469 0.006221813932806254 157
1561944726478 0.0063704116471111774 158
1561944726487 0.006789053805172443 159
1561944726496 0.006060324987769127 160
1561944726505 0.005735595502704382 161
1561944726514 0.005977710190415382 162
1561944726523 0.006056783789396286 163
1561944726532 0.005969756861031055 164
1561944726541 0.006157195695489645 165
1561944726550 0.006057724656909704 166
1561944726559 0.006064621232450008 167
1561944726568 0.005447024818509817 168
1561944726576 0.005622510161995888 169
1561944726585 0.0056534786127507685 170
1561944726594 0.005574597799032926 171
1561944726603 0.005908636628091335 172
1561944726612 0.0052816332675516605 173
1561944726621 0.0053533572740852835 174
1561944726630 0.0050509370811283585 175
1561944726639 0.00531346120685339 176
1561944726648 0.0052998809076845645 177
1561944726657 0.0046484937936067585 178
1561944726666 0.004883454554527998 179
1561944726675 0.004932591378688812 180
1561944726684 0.0051056214332580565 181
1561944726693 0.004692181994765997 182
1561944726702 0.004728693306446075 183
1561944726711 0.004796405020356179 184
1561944726720 0.004857221338152885 185
1561944726729 0.004794137991964817 186
1561944726738 0.004600421943888068 187
1561944726747 0.00502788115143776 188
1561944726756 0.004524262248724699 189
1561944726765 0.0044513462737202645 190
1561944726774 0.004922733103483915 191
1561944726783 0.0043348260305821895 192
1561944726792 0.004543321926146746 193
1561944726801 0.004321800481528044 194
1561944726810 0.0044935658201575275 195
1561944726819 0.004699080841243267 196
1561944726828 0.004073237652331591 197
1561944726837 0.004265094882249832 198
1561944726846 0.004133330251276493 199
