1561939516258 0.39420000352859497 0
1561939516265 0.7986000053405762 1
1561939516273 0.8644000028610229 2
1561939516281 0.8952999947547913 3
1561939516289 0.9142000033378601 4
1561939516296 0.9271000018119812 5
1561939516304 0.935699997138977 6
1561939516311 0.9424999959945679 7
1561939516319 0.9491999952316285 8
1561939516326 0.9568999977111816 9
1561939516334 0.9603999973297119 10
1561939516342 0.9653999983787537 11
1561939516349 0.9696999977111816 12
1561939516357 0.9741999983787537 13
1561939516364 0.9742999994277954 14
1561939516372 0.9789999954223633 15
1561939516379 0.9804000004768372 16
1561939516387 0.9810000019073486 17
1561939516394 0.9844000047683715 18
1561939516402 0.983999998664856 19
