1561939516091 1.8172740231513977 0
1561939516099 0.6560392900466919 1
1561939516109 0.44756626420021056 2
1561939516117 0.35673160638809204 3
1561939516126 0.3013887224674225 4
1561939516134 0.2562126869678497 5
1561939516142 0.22508480715751647 6
1561939516151 0.20075194680690767 7
1561939516159 0.17761955065727233 8
1561939516167 0.15776358630657197 9
1561939516176 0.1393267664670944 10
1561939516184 0.12680693916082383 11
1561939516192 0.11538187382221222 12
1561939516201 0.10455143723487854 13
1561939516209 0.09640039085149765 14
1561939516218 0.08910292723178863 15
1561939516226 0.0809239185333252 16
1561939516234 0.0755090754389763 17
1561939516242 0.07024806171655655 18
1561939516250 0.06630304796695709 19
