1561882172507 0.96105 0
1561882172515 0.9811 1
1561882172523 0.98565 2
1561882172530 0.9881833333333333 3
1561882172538 0.9913 4
1561882172545 0.9922166666666666 5
1561882172553 0.9930833333333333 6
1561882172560 0.9940166666666667 7
1561882172568 0.99465 8
1561882172575 0.9951833333333333 9
1561882172583 0.99575 10
1561882172590 0.9965666666666667 11
1561882172598 0.9961833333333333 12
1561882172605 0.99685 13
1561882172613 0.9972166666666666 14
1561882172621 0.99645 15
1561882172628 0.99755 16
1561882172636 0.9973833333333333 17
1561882172643 0.99775 18
1561882172651 0.9977833333333334 19
