1561882172344 0.12748171260349142 0
1561882172353 0.06008340306261865 1
1561882172361 0.046007196696502314 2
1561882172369 0.03582204253784245 3
1561882172378 0.028626824220146226 4
1561882172386 0.02476838772722452 5
1561882172394 0.021096213056579532 6
1561882172402 0.018065135859167518 7
1561882172411 0.01691781129331454 8
1561882172419 0.014767769447304332 9
1561882172427 0.01303878444532432 10
1561882172436 0.011091363396862744 11
1561882172444 0.011700663509005942 12
1561882172452 0.009835413586707788 13
1561882172460 0.008822767651467379 14
1561882172469 0.010395039651798622 15
1561882172477 0.007446911826015276 16
1561882172485 0.008781304507750973 17
1561882172492 0.006669276917301279 18
1561882172500 0.00704308155012568 19
