1561932621799 0.9177666666348775 0
1561932621807 0.9767833333651225 1
1561932621815 0.9834333333651225 2
1561932621823 0.98695 3
1561932621831 0.9891500000317891 4
1561932621839 0.9905 5
1561932621848 0.9920666666348775 6
1561932621856 0.9935166666666667 7
1561932621865 0.9945666666666667 8
1561932621873 0.9953499999682108 9
1561932621881 0.9953833333015442 10
1561932621890 0.9959000000317891 11
1561932621898 0.9959333333015442 12
1561932621906 0.9965833333333334 13
1561932621914 0.9969499999682109 14
1561932621922 0.9970666666348775 15
1561932621931 0.9972166666348775 16
1561932621939 0.9970833333333333 17
1561932621947 0.9971 18
1561932621955 0.99785 19
1561932621963 0.9980666666666667 20
1561932621971 0.9980833333333333 21
1561932621980 0.9977166666666667 22
1561932621988 0.9977 23
1561932621996 0.9981166666666667 24
1561932622004 0.9982833333333333 25
1561932622012 0.9983 26
1561932622021 0.9983166666666666 27
1561932622029 0.99855 28
1561932622037 0.99865 29
1561932622045 0.9986 30
1561932622053 0.9987333333333334 31
1561932622061 0.9986666666348776 32
1561932622069 0.9980666666666667 33
1561932622080 0.9987 34
1561932622088 0.9983166666666666 35
1561932622097 0.9984833333333333 36
1561932622104 0.9987166666666667 37
1561932622112 0.99885 38
1561932622120 0.9985333333333334 39
1561932622128 0.9986666666666667 40
1561932622136 0.9983166666666666 41
1561932622144 0.9983833333333333 42
1561932622152 0.9985166666666667 43
1561932622160 0.9986333333333334 44
1561932622167 0.9988999999682109 45
1561932622175 0.9984 46
1561932622183 0.9985666666666667 47
1561932622191 0.9989166666666667 48
1561932622199 0.99885 49
1561932622207 0.9986833333333334 50
1561932622215 0.99905 51
1561932622223 0.9988000000317891 52
1561932622231 0.99785 53
1561932622239 0.9988666666348776 54
1561932622246 0.9986166666666667 55
1561932622254 0.9992 56
1561932622262 0.9993833333333333 57
1561932622270 0.9992833333333333 58
1561932622278 0.9993 59
1561932622286 0.9993000000317891 60
1561932622294 0.9984 61
1561932622302 0.9988166666666667 62
1561932622310 0.9991 63
1561932622318 0.9991166666666667 64
1561932622326 0.9992833333333333 65
1561932622334 0.9989 66
1561932622342 0.9988166666666667 67
1561932622350 0.99915 68
1561932622358 0.9992666666666666 69
1561932622366 0.9993833333333333 70
1561932622374 0.9994 71
1561932622382 0.99945 72
1561932622390 0.9993166666348775 73
1561932622398 0.9991666666666666 74
1561932622406 0.9993666666666666 75
1561932622414 0.9991666666666666 76
1561932622422 0.9994333333333333 77
1561932622430 0.9995 78
1561932622438 0.9990833333333333 79
1561932622446 0.9992833333333333 80
1561932622455 0.9995 81
1561932622464 0.9994 82
1561932622472 0.9994333333333333 83
1561932622482 0.9993333333333333 84
1561932622500 0.9992 85
1561932622513 0.9991666666666666 86
1561932622521 0.9992 87
1561932622530 0.9992166666666666 88
1561932622539 0.9992499999682108 89
1561932622547 0.9987166666666667 90
1561932622555 0.9994666666666666 91
1561932622563 0.9993166666348775 92
1561932622572 0.9993499999682108 93
1561932622580 0.9990999999682109 94
1561932622588 0.9990333333333333 95
1561932622597 0.9992333333333333 96
1561932622605 0.9993166666666666 97
1561932622613 0.9994166666666666 98
1561932622622 0.99935 99
