1561932620997 0.280674129207929 0
1561932621004 0.08403539943695068 1
1561932621012 0.058011879587173465 2
1561932621019 0.04458734077016512 3
1561932621027 0.03706493921379248 4
1561932621035 0.031767210355897746 5
1561932621042 0.026648659125963845 6
1561932621050 0.02302962365746498 7
1561932621057 0.018752533629288276 8
1561932621065 0.01691657048066457 9
1561932621073 0.015859463823835056 10
1561932621084 0.014743955945968628 11
1561932621091 0.014174456294377644 12
1561932621099 0.011731741226216157 13
1561932621107 0.01053773668607076 14
1561932621114 0.009734984321395556 15
1561932621122 0.009505944455663363 16
1561932621130 0.009945277437071005 17
1561932621137 0.009757638077562055 18
1561932621145 0.007629895931233963 19
1561932621152 0.006832366254304846 20
1561932621160 0.006884850325365551 21
1561932621168 0.007522954994936784 22
1561932621178 0.007293776169915994 23
1561932621196 0.005899331149086356 24
1561932621208 0.006009695215026537 25
1561932621216 0.00572689457287391 26
1561932621224 0.005478381440726419 27
1561932621232 0.005122127348681291 28
1561932621240 0.005151004147777955 29
1561932621248 0.004222479432821274 30
1561932621256 0.004611538884788752 31
1561932621264 0.0047389870484670004 32
1561932621272 0.005576718821749091 33
1561932621280 0.0040703710404535135 34
1561932621288 0.005291230074067911 35
1561932621295 0.004935217198605338 36
1561932621304 0.004033226452519497 37
1561932621312 0.003610343940804402 38
1561932621319 0.004597818077262491 39
1561932621327 0.0039953046917915345 40
1561932621335 0.004740475826710462 41
1561932621343 0.005201725567830727 42
1561932621351 0.004559030587722858 43
1561932621359 0.004351697987690568 44
1561932621367 0.003710482386002938 45
1561932621375 0.005001846969996889 46
1561932621383 0.004482831807083373 47
1561932621390 0.0033944865947744497 48
1561932621399 0.0037148521094582973 49
1561932621406 0.0035503532466168203 50
1561932621414 0.0031275664043903815 51
1561932621422 0.003406361155708631 52
1561932621430 0.006519130611171325 53
1561932621438 0.0032277097508311274 54
1561932621446 0.004286170041933656 55
1561932621454 0.002567945686914027 56
1561932621462 0.0021464570227699973 57
1561932621470 0.0023080847130467494 58
1561932621478 0.002373969466045188 59
1561932621486 0.0019489680326233308 60
1561932621494 0.004961934766856332 61
1561932621502 0.00349984992351383 62
1561932621510 0.0031338491044589317 63
1561932621518 0.0024341010740958156 64
1561932621526 0.002187233510365089 65
1561932621534 0.003065069262186686 66
1561932621542 0.003166901927049427 67
1561932621550 0.002617928990954533 68
1561932621557 0.002554245220373074 69
1561932621565 0.002090786937841525 70
1561932621573 0.0019415662762476131 71
1561932621581 0.001976347346107165 72
1561932621589 0.002263612796925008 73
1561932621597 0.002666193747644623 74
1561932621605 0.002255952558479718 75
1561932621613 0.002491192233884552 76
1561932621621 0.0017396537088032347 77
1561932621629 0.0016713846810782948 78
1561932621637 0.002593550034115712 79
1561932621645 0.002249076320634534 80
1561932621653 0.0018890839734425147 81
1561932621661 0.0018231929330155253 82
1561932621668 0.001927767389966175 83
1561932621676 0.001838033782504499 84
1561932621684 0.002383403840319564 85
1561932621692 0.002392224588120977 86
1561932621699 0.0022756209859808828 87
1561932621707 0.0021172123506791344 88
1561932621715 0.002287576832870642 89
1561932621723 0.0034862465109850747 90
1561932621730 0.0016463498963663976 91
1561932621738 0.0020273373192486663 92
1561932621745 0.002085629899924 93
1561932621753 0.0027178332991277176 94
1561932621761 0.003192751138602034 95
1561932621769 0.0024593132190406323 96
1561932621776 0.0018707569032441825 97
1561932621784 0.0019069314087508246 98
1561932621792 0.0020081391249550506 99
