1561941519748 0.1652999997615814 0
1561941519756 0.5977000033378601 1
1561941519764 0.7260999953269959 2
1561941519773 0.791300002193451 3
1561941519781 0.8294999970436097 4
1561941519789 0.8551000036239624 5
1561941519797 0.8758000031471253 6
1561941519806 0.8919000038146973 7
1561941519814 0.8990000031471252 8
1561941519822 0.9067000051498413 9
1561941519830 0.9137000051498413 10
1561941519839 0.9224999950408935 11
1561941519847 0.928500002193451 12
1561941519855 0.9324999976158143 13
1561941519863 0.9369000036239624 14
1561941519872 0.9429000024795532 15
1561941519880 0.9460000035285949 16
1561941519888 0.9498999999046326 17
1561941519897 0.9507000045776367 18
1561941519905 0.9547999980926514 19
1561941519913 0.9573999956130982 20
1561941519922 0.9609000031471252 21
1561941519930 0.9622999973297119 22
1561941519938 0.9624999977111817 23
1561941519946 0.9670999983787537 24
1561941519955 0.9666000034332275 25
1561941519963 0.9700999983787537 26
1561941519971 0.9711000037193298 27
1561941519979 0.9721000016212463 28
1561941519988 0.9736999994277954 29
1561941519996 0.9733999947547912 30
1561941520005 0.9754000044822693 31
1561941520013 0.9759999972343445 32
1561941520021 0.9778000008583069 33
1561941520029 0.9787000000953674 34
1561941520038 0.9788999961853028 35
1561941520046 0.9805000019073487 36
1561941520054 0.9813000051498413 37
1561941520062 0.9841000033378601 38
1561941520071 0.9836999968528748 39
1561941520084 0.9832000029563904 40
1561941520092 0.9858999982833863 41
1561941520101 0.9861999968528747 42
1561941520109 0.9874999979019164 43
1561941520118 0.9856000000953674 44
1561941520126 0.9873999997138977 45
1561941520135 0.9883000029563904 46
1561941520143 0.9877999950408936 47
1561941520151 0.990399999332428 48
1561941520160 0.988699996471405 49
1561941520168 0.9898000007629395 50
1561941520176 0.9912999946594239 51
1561941520185 0.9925999989509583 52
1561941520193 0.9914000025749207 53
1561941520202 0.9902000025749207 54
1561941520210 0.9917999950408936 55
1561941520218 0.9926000021934509 56
1561941520227 0.9913999960899353 57
1561941520235 0.9932999960899354 58
1561941520243 0.9940999960899353 59
1561941520252 0.9939999960899353 60
1561941520260 0.9934000050544739 61
1561941520268 0.9934999957084656 62
1561941520277 0.9947999960899353 63
1561941520285 0.9942999989509582 64
1561941520294 0.9947000003814698 65
1561941520302 0.9955999989509583 66
1561941520310 0.9953999989509582 67
1561941520319 0.9951999989509582 68
1561941520327 0.9952999957084656 69
1561941520336 0.995299999332428 70
1561941520344 0.9975999971389771 71
1561941520352 0.9969000018119812 72
1561941520361 0.9954999975204468 73
1561941520369 0.9968999989509583 74
1561941520378 0.9962000003814697 75
1561941520386 0.9956999989509583 76
1561941520394 0.9975999971389771 77
1561941520403 0.9977000046730041 78
1561941520411 0.9972000003814697 79
1561941520420 0.9976000032424927 80
1561941520428 0.9982 81
1561941520437 0.9979000032424927 82
1561941520446 0.9978999957084655 83
1561941520454 0.9969999985694885 84
1561941520463 0.9979000003814698 85
1561941520472 0.9984000032424927 86
1561941520480 0.9986999985694885 87
1561941520489 0.9974999971389771 88
1561941520498 0.9979000032424927 89
1561941520507 0.9983000050544739 90
1561941520516 0.9980999957084655 91
1561941520525 0.9980000018119812 92
1561941520534 0.9982000018119812 93
1561941520542 0.9982000046730042 94
1561941520551 0.9985999971389771 95
1561941520560 0.9982999985694885 96
1561941520569 0.9989 97
1561941520578 0.9986000046730041 98
1561941520586 0.9991 99
