1561941518897 2.5543684167861938 0
1561941518905 1.2526787086486817 1
1561941518913 0.8934333610534668 2
1561941518921 0.6975196454048157 3
1561941518929 0.5731228024482727 4
1561941518937 0.4975022506713867 5
1561941518945 0.43356275782585146 6
1561941518953 0.3849961228847504 7
1561941518961 0.3583928764820099 8
1561941518969 0.3271621469497681 9
1561941518977 0.30478414301872253 10
1561941518985 0.27682199954986575 11
1561941518993 0.26160901427268984 12
1561941519001 0.24920353336334228 13
1561941519009 0.2315390816450119 14
1561941519017 0.2168301510810852 15
1561941519025 0.20092375111579894 16
1561941519033 0.19252876546382905 17
1561941519041 0.18378634121418 18
1561941519049 0.17130351576805114 19
1561941519057 0.1650071308851242 20
1561941519066 0.1561409491300583 21
1561941519074 0.14559844930171967 22
1561941519087 0.14133386731147765 23
1561941519096 0.13662915329933167 24
1561941519104 0.13067933328151704 25
1561941519113 0.1227038578748703 26
1561941519121 0.1158845247745514 27
1561941519129 0.11326532764434814 28
1561941519137 0.10648968224525451 29
1561941519145 0.10552867640256881 30
1561941519153 0.10007052613496781 31
1561941519161 0.09463154910802841 32
1561941519170 0.09031431301832199 33
1561941519178 0.08691873278617859 34
1561941519186 0.08419435306787491 35
1561941519195 0.08156184945106507 36
1561941519203 0.07728679503202439 37
1561941519211 0.07206459299325943 38
1561941519219 0.07158900920152664 39
1561941519227 0.07084060962200164 40
1561941519236 0.06596608307957649 41
1561941519244 0.06425277913808823 42
1561941519254 0.05951042274236679 43
1561941519264 0.06111447611451149 44
1561941519273 0.058336224925518036 45
1561941519282 0.055313503283262254 46
1561941519291 0.056189801037311554 47
1561941519302 0.05082692502140999 48
1561941519311 0.05385314094424248 49
1561941519320 0.04906814439892769 50
1561941519329 0.04723875275850296 51
1561941519338 0.04528835156559944 52
1561941519347 0.04589546180963516 53
1561941519356 0.04541513413786888 54
1561941519365 0.04328149423003197 55
1561941519374 0.040788570684194565 56
1561941519384 0.040825142526626584 57
1561941519393 0.04040294037461281 58
1561941519402 0.037347772175073624 59
1561941519411 0.036532227247953415 60
1561941519420 0.03616729760169983 61
1561941519429 0.03425887444317341 62
1561941519438 0.03359390447735786 63
1561941519447 0.033435173183679584 64
1561941519456 0.0335787594050169 65
1561941519465 0.03168110393881798 66
1561941519474 0.029655182257294656 67
1561941519483 0.029526038980484007 68
1561941519492 0.028577467021346094 69
1561941519501 0.028415060329437254 70
1561941519509 0.026627322432398796 71
1561941519518 0.02573840353488922 72
1561941519526 0.027888828411698343 73
1561941519534 0.02648237148821354 74
1561941519542 0.026704248464107513 75
1561941519550 0.02549927089214325 76
1561941519559 0.02372374421656132 77
1561941519567 0.022602208787202836 78
1561941519575 0.022160503426194193 79
1561941519583 0.02138300006091595 80
1561941519591 0.020088538789749144 81
1561941519599 0.020575943160057068 82
1561941519608 0.01979882346689701 83
1561941519616 0.020785280983150006 84
1561941519624 0.01836928914487362 85
1561941519632 0.018517885997891427 86
1561941519640 0.01844570686221123 87
1561941519649 0.01962201686501503 88
1561941519657 0.018631320971250535 89
1561941519665 0.01783294667005539 90
1561941519673 0.017495758163928985 91
1561941519681 0.017305803230404853 92
1561941519690 0.01658779925107956 93
1561941519698 0.016791590513288976 94
1561941519706 0.015825521689653396 95
1561941519714 0.01519663129299879 96
1561941519723 0.015061178456246853 97
1561941519731 0.015222730621695518 98
1561941519740 0.014166883100569249 99
