1561886948555 0.6393 0
1561886948563 0.7404666666666667 1
1561886948571 0.76485 2
1561886948579 0.7781333333333333 3
1561886948586 0.7867166666666666 4
1561886948594 0.7985166666666667 5
1561886948602 0.7923166666666667 6
1561886948610 0.8023166666666667 7
1561886948617 0.80765 8
1561886948625 0.8113166666666667 9
1561886948633 0.8192 10
1561886948641 0.8255333333333333 11
1561886948649 0.8255 12
1561886948656 0.8210166666666666 13
1561886948664 0.8166 14
1561886948672 0.81655 15
1561886948680 0.8269166666666666 16
1561886948688 0.8275 17
1561886948695 0.8318 18
1561886948703 0.81995 19
