1561886948389 1.091365539431572 0
1561886948398 0.7859810015956561 1
1561886948407 0.7116797287563483 2
1561886948417 0.6808737872819106 3
1561886948426 0.6559201107343038 4
1561886948436 0.6281728381931782 5
1561886948445 0.6431988121410211 6
1561886948454 0.6166639706273873 7
1561886948462 0.6048024180591106 8
1561886948470 0.596806029372414 9
1561886948478 0.5729562657733759 10
1561886948486 0.5506589245334268 11
1561886948493 0.553258332290252 12
1561886948501 0.5639190327922503 13
1561886948509 0.5801757673879464 14
1561886948516 0.5845565408408642 15
1561886948524 0.5516830862879754 16
1561886948532 0.5459261561840772 17
1561886948540 0.5394713897089164 18
1561886948548 0.5736412710050742 19
