1561883919966 0.9535333333651225 0
1561883919974 0.9854333333651225 1
1561883919982 0.9899666666348775 2
1561883919990 0.9930833333651224 3
1561883919998 0.9941833333333333 4
1561883920006 0.9955333333015441 5
1561883920014 0.9962666666348775 6
1561883920022 0.9977166666666667 7
1561883920029 0.9978333333015442 8
1561883920037 0.9982833333333333 9
1561883920045 0.9981499999682109 10
1561883920053 0.9980166666348775 11
1561883920061 0.9978833333015442 12
1561883920069 0.9979333333333333 13
1561883920083 0.9982833333333333 14
1561883920092 0.9986833333333334 15
1561883920100 0.9984 16
1561883920108 0.9990333333333333 17
1561883920117 0.9988333333333334 18
1561883920125 0.9991833333333333 19
