1561883919810 0.15365021223624548 0
1561883919818 0.0474657826880614 1
1561883919826 0.03293664569755395 2
1561883919834 0.0237353648463885 3
1561883919842 0.01941696272889773 4
1561883919850 0.014596026225884755 5
1561883919857 0.012282207486033439 6
1561883919865 0.008557692333310843 7
1561883919873 0.007463642541319132 8
1561883919881 0.006369235661377509 9
1561883919889 0.00613502032806476 10
1561883919896 0.0066989937153955305 11
1561883919904 0.006421149851381779 12
1561883919912 0.00682409428494672 13
1561883919920 0.005713858114400258 14
1561883919927 0.004206981060809145 15
1561883919935 0.004780502821070453 16
1561883919943 0.0034127356032840907 17
1561883919951 0.003197175694691638 18
1561883919959 0.002859037524399658 19
