1561882817303 0.8761999999046326 0
1561882817310 0.9668499998728435 1
1561882817318 0.979950000222524 2
1561882817325 0.9862833333015442 3
1561882817333 0.9898833330472311 4
1561882817341 0.9920166669209798 5
1561882817348 0.9935166667938232 6
1561882817356 0.9954166669209799 7
1561882817363 0.9962500000635783 8
1561882817371 0.9974166667938232 9
1561882817378 0.9980833333969116 10
1561882817386 0.9985666666666667 11
1561882817394 0.9990666667938233 12
1561882817401 0.9993500000635783 13
1561882817409 0.9995 14
1561882817416 0.9997833333333334 15
1561882817424 0.9998333333333334 16
1561882817431 0.9998666666666667 17
1561882817439 0.9999500000635783 18
1561882817447 0.9998833333333333 19
