1561882817148 0.4168284373760223 0
1561882817157 0.11756790186961492 1
1561882817165 0.07086536624034245 2
1561882817173 0.05033069854180018 3
1561882817181 0.03892243744035562 4
1561882817190 0.03176628781954447 5
1561882817198 0.026262085424860318 6
1561882817205 0.021236173256238302 7
1561882817213 0.01743211463689804 8
1561882817220 0.01412171749373277 9
1561882817228 0.011583489755292734 10
1561882817235 0.009703108421464761 11
1561882817243 0.008332734900712967 12
1561882817251 0.006971053598821163 13
1561882817258 0.005579724621151885 14
1561882817265 0.004563094723969698 15
1561882817273 0.0037891351275146008 16
1561882817280 0.0032838690802454947 17
1561882817288 0.0027956871608893078 18
1561882817295 0.0027901276542494696 19
