1561887605750 0.5760500000953674 0
1561887605758 0.8129166666984559 1
1561887605766 0.869366666507721 2
1561887605774 0.8921999998410542 3
1561887605782 0.9073666667620341 4
1561887605790 0.917400000222524 5
1561887605798 0.9270333335240682 6
1561887605805 0.9308499999682108 7
1561887605813 0.9362333333651225 8
1561887605821 0.9412166664123535 9
1561887605829 0.9454499998410543 10
1561887605837 0.9475166669527689 11
1561887605845 0.948983333269755 12
1561887605853 0.9498833334287008 13
1561887605861 0.9515166666984558 14
1561887605868 0.9536666669209798 15
1561887605876 0.9544166668256124 16
1561887605884 0.9561499997138977 17
1561887605892 0.9579499998410543 18
1561887605900 0.9585666668574016 19
