1561887605593 1.3378788004875184 0
1561887605602 0.7218532965024312 1
1561887605610 0.5316758371194203 2
1561887605618 0.432273259751002 3
1561887605626 0.3691149309635162 4
1561887605634 0.32428846985499066 5
1561887605642 0.2870735805829366 6
1561887605649 0.2644200537999471 7
1561887605657 0.24211073698997498 8
1561887605665 0.22488936341603596 9
1561887605672 0.2058739100297292 10
1561887605680 0.19595685187180836 11
1561887605688 0.19040750788847605 12
1561887605696 0.17967414626280467 13
1561887605704 0.17286838433742524 14
1561887605712 0.16311721251010894 15
1561887605719 0.15999689718087515 16
1561887605727 0.15190266484419504 17
1561887605735 0.1487246592839559 18
1561887605743 0.14409664142926534 19
