1561958851430 0.6082914 0
1561958851452 0.8574044 1
1561958851469 0.91349286 2
1561958851479 0.9317494 3
1561958851488 0.9441234 4
1561958851497 0.9513618 5
1561958851506 0.9593523 6
1561958851515 0.96211946 7
1561958851524 0.9662815 8
1561958851533 0.9692149 9
1561958851542 0.9706454 10
1561958851551 0.97307736 11
1561958851560 0.9735351 12
1561958851569 0.9735065 13
1561958851578 0.97711146 14
1561958851587 0.9789712 15
1561958851596 0.9784275 16
1561958851605 0.97819865 17
1561958851614 0.9793431 18
1561958851624 0.9809167 19
1561958851633 0.9798009 20
1561958851642 0.9821469 21
1561958851651 0.97994393 22
1561958851660 0.982666 23
1561958851669 0.98372054 24
1561958851678 0.9820521 25
1561958851687 0.98286223 26
1561958851696 0.9834058 27
1561958851705 0.9844021 28
1561958851714 0.9848366 29
1561958851723 0.98369193 30
1561958851732 0.9844021 31
1561958851741 0.98426414 32
1561958851750 0.9841497 33
1561958851759 0.9852941 34
1561958851768 0.9852369 35
1561958851777 0.9847505 36
1561958851786 0.98600936 37
1561958851795 0.9868435 38
1561958851804 0.98666745 39
1561958851814 0.9865617 40
1561958851823 0.98635274 41
1561958851832 0.9876302 42
1561958851841 0.9858377 43
1561958851850 0.98726827 44
1561958851859 0.98689634 45
1561958851868 0.987046 46
1561958851877 0.98781186 47
1561958851886 0.9868164 48
1561958851895 0.98781186 49
