1561958852827 0.2824539013091565 0
1561958852836 0.693267476788791 1
1561958852846 0.7049779362148709 2
1561958852855 0.6302216562258321 3
1561958852864 0.44036073061951864 4
1561958852874 0.4072634470131662 5
1561958852883 0.29196939153162293 6
1561958852891 0.2202413569721721 7
1561958852900 0.1307864532702499 8
1561958852909 0.08107920812643701 9
1561958852917 0.03737135655666966 10
1561958852926 -0.008468668469895552 11
1561958852934 -0.015962410577797195 12
1561958852943 -0.03170331179904676 13
1561958852951 -0.025705346816181092 14
1561958852960 -0.031997235273731876 15
1561958852968 -0.039175969829121034 16
1561958852977 -0.038612933816921026 17
1561958852985 -0.04191926675403501 18
1561958852994 -0.03343681938448291 19
1561958853002 -0.040353314056191025 20
1561958853011 -0.0294563476944987 21
1561958853019 -0.037578816068112655 22
1561958853028 -0.035176241770386696 23
1561958853036 -0.03144065062004905 24
1561958853045 -0.03465148312993546 25
1561958853053 -0.03148347221072181 26
1561958853062 -0.025291343649287944 27
1561958853070 -0.03115275812645753 28
1561958853086 -0.013941149601203191 29
1561958853095 -0.030116239470258693 30
1561958853104 -0.031076498743560582 31
1561958853114 -0.029600218670861787 32
1561958853123 -0.027271420620492676 33
1561958853133 -0.0226751597754659 34
1561958853142 -0.023467388826459268 35
1561958853152 -0.022601762835820025 36
1561958853161 -0.02174729263412672 37
1561958853171 -0.001709811803367399 38
1561958853180 -0.017815484239215244 39
1561958853190 -0.017960962044004474 40
1561958853199 -0.024569725070355902 41
1561958853209 -0.019013759887052905 42
1561958853219 -0.02021727830221608 43
1561958853228 -0.018817670013637038 44
1561958853238 -0.025006987085275875 45
1561958853247 -0.023180963579622415 46
1561958853257 -0.01172075411544288 47
1561958853266 -0.022197644122772742 48
1561958853275 -0.017541140552825886 49
