1561958850576 1.2168194385981719 0
1561958850592 0.4771470107320627 1
1561958850606 0.30156311723921037 2
1561958850629 0.2353784330062947 3
1561958850645 0.18953443991016486 4
1561958850660 0.16268210692538154 5
1561958850675 0.13701806184959758 6
1561958850690 0.12820533009040927 7
1561958850705 0.11177574139502314 8
1561958850720 0.10433932317220038 9
1561958850736 0.10004552277936955 10
1561958850751 0.0934858677875098 11
1561958850767 0.0871947095877561 12
1561958850782 0.08822735383915639 13
1561958850798 0.07545585617760713 14
1561958850813 0.07344912653705789 15
1561958850828 0.073764484345872 16
1561958850843 0.07141234972815842 17
1561958850859 0.06764812700315699 18
1561958850875 0.06442881509163718 19
1561958850892 0.0673410864911409 20
1561958850908 0.06012169256359577 21
1561958850924 0.06484726987971842 22
1561958850939 0.05805756337940693 23
1561958850954 0.055853945710247564 24
1561958850970 0.057470052223878104 25
1561958850985 0.05623523103451396 26
1561958851000 0.053550483981643235 27
1561958851015 0.05350079387426376 28
1561958851030 0.05190821308777927 29
1561958851045 0.052096163140749274 30
1561958851061 0.051926076826122075 31
1561958851080 0.05214645414282567 32
1561958851103 0.052352291457465866 33
1561958851119 0.04662816917225736 34
1561958851135 0.047579410376995424 35
1561958851158 0.049528457894563185 36
1561958851182 0.04638666379578628 37
1561958851205 0.04205864088402854 38
1561958851228 0.04380502043520867 39
1561958851246 0.04360259213726111 40
1561958851262 0.044522158254145155 41
1561958851282 0.04088478866550657 42
1561958851303 0.04462076967011248 43
1561958851321 0.04211773846659133 44
1561958851344 0.044076424643728164 45
1561958851366 0.0429737180931444 46
1561958851382 0.039258420997520735 47
1561958851399 0.04321772098127338 48
1561958851414 0.039889259498782116 49
