1561937415901 0.3129000005722046 0
1561937415909 0.7095999981880188 1
1561937415918 0.8129999984741211 2
1561937415926 0.8581999985694885 3
1561937415934 0.8872000052452087 4
1561937415942 0.9051000008583069 5
1561937415950 0.9167999982833862 6
1561937415958 0.9281999979019165 7
1561937415967 0.9368000050544739 8
1561937415975 0.9443999974250793 9
1561937415983 0.9491999974250793 10
1561937415991 0.9541000009536743 11
1561937415998 0.9559999995231628 12
1561937416006 0.9622999991416931 13
1561937416014 0.9654000038146973 14
1561937416021 0.9682000034332275 15
1561937416029 0.9702000012397766 16
1561937416036 0.9719999955177308 17
1561937416044 0.9736000044822692 18
1561937416051 0.9767999961853028 19
