1561937415739 2.1558239519119264 0
1561937415747 0.9324177537918091 1
1561937415755 0.6215026935577392 2
1561937415763 0.47581406230926515 3
1561937415771 0.39625986909866334 4
1561937415780 0.33785879893302917 5
1561937415788 0.29463591065406797 6
1561937415796 0.25868935236930846 7
1561937415804 0.23369531819820405 8
1561937415812 0.20848406977653502 9
1561937415820 0.1902106343269348 10
1561937415828 0.17365955083370208 11
1561937415837 0.1592938900709152 12
1561937415845 0.1440544679403305 13
1561937415853 0.13507206196784974 14
1561937415861 0.1246973435163498 15
1561937415869 0.12038767971992492 16
1561937415877 0.11352367548942566 17
1561937415885 0.10613026167154312 18
1561937415893 0.0941511788725853 19
