1561885065881 0.9422666666666667 0
1561885065889 0.9792666666984559 1
1561885065897 0.9851333333651224 2
1561885065905 0.9877833333333333 3
1561885065913 0.9888 4
1561885065920 0.9919666666348775 5
1561885065928 0.9915333333333334 6
1561885065936 0.9926166666348776 7
1561885065944 0.9928166666666667 8
1561885065952 0.9935 9
1561885065960 0.9946833333015442 10
1561885065968 0.9950166666984558 11
1561885065976 0.99515 12
1561885065983 0.9955333333333334 13
1561885065991 0.9957166666666667 14
1561885066007 0.9964333333333333 15
1561885066015 0.9964333333015442 16
1561885066023 0.9959 17
1561885066032 0.9971666666348775 18
1561885066040 0.9972666666666666 19
