1561885065723 0.19876808203458787 0
1561885065731 0.07097279911239941 1
1561885065740 0.050788347752889 2
1561885065747 0.040216102328896525 3
1561885065755 0.03554577170262734 4
1561885065763 0.02745655126447479 5
1561885065771 0.026136045380185047 6
1561885065779 0.022808088367432356 7
1561885065787 0.021002073847005764 8
1561885065795 0.020080610395843784 9
1561885065803 0.016387404677271844 10
1561885065811 0.015206561727200946 11
1561885065818 0.014579328983525435 12
1561885065826 0.01415362151650091 13
1561885065834 0.012598081418623527 14
1561885065842 0.010883712492821117 15
1561885065850 0.011150081230513751 16
1561885065858 0.011820999079849572 17
1561885065865 0.008274893075351914 18
1561885065873 0.008565786362811923 19
