1561944023811 0.1716000009536743 0
1561944023820 0.6251999966621399 1
1561944023829 0.7507999995231628 2
1561944023838 0.8108999984741211 3
1561944023847 0.8460000007629395 4
1561944023855 0.8704999996185303 5
1561944023864 0.8904999980926513 6
1561944023873 0.8951000034332275 7
1561944023882 0.9102999990463256 8
1561944023891 0.9186000037193298 9
1561944023900 0.9248999989509582 10
1561944023909 0.9350000014305114 11
1561944023917 0.9400999992370606 12
1561944023926 0.9430999963760376 13
1561944023935 0.9471999949455261 14
1561944023944 0.9514999996185303 15
1561944023953 0.9550000023841858 16
1561944023962 0.9607000020027161 17
1561944023971 0.9609000034332276 18
1561944023980 0.9676000030517579 19
1561944023988 0.9677999987602234 20
1561944023997 0.967500002002716 21
1561944024006 0.9705999994277954 22
1561944024015 0.9722000041007995 23
1561944024024 0.9724999961853027 24
1561944024033 0.9760000051498413 25
1561944024042 0.9786000037193299 26
1561944024051 0.9766000022888184 27
1561944024060 0.979999998664856 28
1561944024069 0.9826000043869019 29
1561944024081 0.9819000033378601 30
1561944024090 0.9827999950408935 31
1561944024099 0.9844000015258789 32
1561944024108 0.9837999954223633 33
1561944024117 0.9860999972343445 34
1561944024126 0.9852999982833862 35
1561944024135 0.9870000011444092 36
1561944024144 0.9875999946594238 37
1561944024153 0.9881999946594239 38
1561944024162 0.9874999982833862 39
1561944024171 0.9909999979019165 40
1561944024180 0.9898999946594238 41
1561944024189 0.9896999979019165 42
1561944024198 0.9915999993324279 43
1561944024207 0.9900999946594238 44
1561944024216 0.991699996471405 45
1561944024225 0.9927000007629394 46
1561944024234 0.9930000036239625 47
1561944024243 0.9928999946594238 48
1561944024252 0.9943999975204468 49
1561944024261 0.9946000021934509 50
1561944024270 0.9946000021934509 51
1561944024279 0.9955999957084656 52
1561944024288 0.9956000021934509 53
1561944024297 0.9946000018119812 54
1561944024306 0.9955000032424927 55
1561944024315 0.9960000032424927 56
1561944024324 0.9949000018119812 57
1561944024333 0.9973000046730042 58
1561944024342 0.9966000003814697 59
1561944024351 0.9962000050544739 60
1561944024360 0.9970000032424927 61
1561944024369 0.9958999957084655 62
1561944024378 0.9971000032424927 63
1561944024387 0.9970000032424927 64
1561944024396 0.9972000018119812 65
1561944024405 0.9978999957084655 66
1561944024414 0.9975000018119812 67
1561944024423 0.9975000032424927 68
1561944024432 0.9984999971389771 69
1561944024441 0.997799997138977 70
1561944024450 0.9976999957084656 71
1561944024459 0.9985999985694886 72
1561944024468 0.9980999985694885 73
1561944024477 0.9988000032424926 74
1561944024486 0.998099997138977 75
1561944024495 0.9981000032424927 76
1561944024504 0.9978999957084655 77
1561944024513 0.9989000046730041 78
1561944024522 0.9983000032424927 79
1561944024531 0.9985999985694886 80
1561944024540 0.9984999971389771 81
1561944024549 0.9988999985694885 82
1561944024558 0.9983999985694886 83
1561944024567 0.9989000032424927 84
1561944024576 0.9992999985694885 85
1561944024585 0.9992000046730042 86
1561944024594 0.9994 87
1561944024603 0.999099997138977 88
1561944024612 0.9995000046730041 89
1561944024621 0.9995000046730041 90
1561944024630 0.9994 91
1561944024640 0.9988000032424926 92
1561944024649 0.998899997138977 93
1561944024658 0.998999997138977 94
1561944024667 0.9991999985694885 95
1561944024676 0.9993000032424927 96
1561944024685 0.9996000046730041 97
1561944024694 0.9999000046730041 98
1561944024704 0.9993000046730042 99
1561944024713 0.9991000046730042 100
1561944024722 0.9995000046730041 101
1561944024731 0.9993000046730042 102
1561944024740 0.9996000046730041 103
1561944024749 0.9992999985694885 104
1561944024758 0.9996000046730041 105
1561944024767 0.9993999985694886 106
1561944024776 0.9995999985694886 107
1561944024785 0.9994000046730042 108
1561944024795 0.9992000046730042 109
1561944024804 0.9996 110
1561944024813 0.9995 111
1561944024822 0.9991000032424927 112
1561944024831 0.9995999985694886 113
1561944024840 0.9997 114
1561944024849 0.9996 115
1561944024858 0.9995 116
1561944024867 0.9999000046730041 117
1561944024876 0.9993000046730042 118
1561944024886 0.9998000046730041 119
1561944024895 0.9999 120
1561944024904 0.9999000046730041 121
1561944024913 0.9996 122
1561944024922 0.9995999985694886 123
1561944024931 0.9997 124
1561944024940 0.9996 125
1561944024950 0.9998000046730041 126
1561944024959 0.9997 127
1561944024968 0.9999 128
1561944024977 0.9998 129
1561944024986 0.9996 130
1561944024995 0.9999 131
1561944025004 0.9995000046730041 132
1561944025014 0.9995000046730041 133
1561944025023 0.9994999985694886 134
1561944025032 0.9998000046730041 135
1561944025041 0.9995999985694886 136
1561944025050 0.9998000046730041 137
1561944025059 0.9998 138
1561944025069 0.9997 139
1561944025081 0.9996999985694885 140
1561944025090 0.9998000046730041 141
1561944025099 0.9998 142
1561944025108 0.9998 143
1561944025118 0.9999 144
1561944025128 0.9995999985694886 145
1561944025138 0.9998000046730041 146
1561944025147 1.0 147
1561944025156 0.9996 148
1561944025165 0.9999 149
1561944025174 1.0 150
1561944025184 0.9999000046730041 151
1561944025193 0.9996000046730041 152
1561944025202 0.9998000046730041 153
1561944025211 0.9998 154
1561944025220 1.0 155
1561944025230 0.9998 156
1561944025239 0.9998000046730041 157
1561944025248 0.9998 158
1561944025257 0.9995000046730041 159
1561944025267 1.0 160
1561944025277 1.0 161
1561944025286 0.9999 162
1561944025295 0.9999 163
1561944025304 0.9997000046730041 164
1561944025314 0.9998 165
1561944025323 0.9998 166
1561944025332 1.0 167
1561944025341 0.9999 168
1561944025350 0.9999 169
1561944025360 0.9998000046730041 170
1561944025369 0.9999 171
1561944025378 0.9999 172
1561944025387 0.9998 173
1561944025397 0.9997 174
1561944025406 1.0 175
1561944025415 0.9999000046730041 176
1561944025424 0.9998 177
1561944025434 1.0 178
1561944025443 0.9999 179
1561944025452 0.9996000046730041 180
1561944025462 0.9999000046730041 181
1561944025471 0.9999 182
1561944025480 1.0 183
1561944025489 1.0 184
1561944025498 1.0 185
1561944025508 0.9998 186
1561944025517 0.9999 187
1561944025526 0.9999 188
1561944025535 0.9999 189
1561944025545 0.9999 190
1561944025554 0.9997 191
1561944025563 1.0 192
1561944025572 0.9998 193
1561944025582 0.9999 194
1561944025591 0.9999 195
1561944025600 1.0 196
1561944025609 0.9999 197
1561944025619 0.9999 198
1561944025628 0.9997 199
