1561944025638 -1.3741255659103395 0
1561944025647 -0.4863971926689147 1
1561944025656 -0.3145486310005188 2
1561944025666 -0.25380034422874453 3
1561944025675 -0.2056198506832122 4
1561944025684 -0.18182970619201666 5
1561944025694 -0.1610586771965027 6
1561944025703 -0.15591427741050723 7
1561944025712 -0.1319266720056534 8
1561944025722 -0.11457105653285982 9
1561944025731 -0.10494074919223786 10
1561944025741 -0.09902083528041838 11
1561944025750 -0.09328103163242338 12
1561944025759 -0.08592069389820095 13
1561944025768 -0.07958424592018126 14
1561944025778 -0.06250046124458311 15
1561944025787 -0.04480811338424681 16
1561944025796 -0.036872899436950685 17
1561944025806 -0.03727163589000701 18
1561944025816 -0.038651900863647476 19
1561944025825 -0.0374427862763405 20
1561944025834 -0.038689471542835224 21
1561944025844 -0.032241756963729856 22
1561944025853 -0.024975850701332097 23
1561944025863 -0.023267468392848975 24
1561944025872 -0.0227091120481491 25
1561944025881 -0.015020625603199 26
1561944025891 -0.01275144234895706 27
1561944025900 -0.01088623223304748 28
1561944025909 -0.005803528738021854 29
1561944025919 -0.00577006651163102 30
1561944025928 0.0025789827346801714 31
1561944025937 0.00141310948133469 32
1561944025947 0.001352121305465706 33
1561944025956 0.00835195311307907 34
1561944025966 0.009125071072578428 35
1561944025975 0.008498219442367547 36
1561944025985 0.011257518482208254 37
1561944025994 0.013242434656620033 38
1561944026003 0.009798732757568346 39
1561944026013 0.015277594435214994 40
1561944026022 0.01838925285339356 41
1561944026031 0.017566099703311924 42
1561944026041 0.01687290459871292 43
1561944026051 0.01674660245776176 44
1561944026060 0.02475896255970001 45
1561944026069 0.026200839704275135 46
1561944026081 0.024889319491386418 47
1561944026090 0.027261541849374765 48
1561944026100 0.025824880200624463 49
1561944026110 0.026069810038805007 50
1561944026119 0.03131242381930351 51
1561944026129 0.027753507184982297 52
1561944026138 0.029434612613916396 53
1561944026148 0.027182673513889317 54
1561944026157 0.026307816648483272 55
1561944026167 0.03178004804253578 56
1561944026176 0.030262835502624513 57
1561944026185 0.03365450311899185 58
1561944026195 0.03039858183860779 59
1561944026204 0.029896492391824715 60
1561944026214 0.03178148757815361 61
1561944026223 0.02966766800880432 62
1561944026233 0.032292962783575054 63
1561944026243 0.033942652702331544 64
1561944026252 0.03150842258930207 65
1561944026262 0.032692969650030136 66
1561944026271 0.03297569603025913 67
1561944026281 0.03295647938549518 68
1561944026290 0.03384917999505997 69
1561944026300 0.03614487976133823 70
1561944026309 0.03608319641649723 71
1561944026319 0.03611000181734561 72
1561944026328 0.03404973784089088 73
1561944026338 0.03533496341705322 74
1561944026347 0.035382129707932475 75
1561944026357 0.034808238080143925 76
1561944026366 0.036223236012458804 77
1561944026376 0.03849774048030377 78
1561944026385 0.03491006456613541 79
1561944026395 0.034802366712689395 80
1561944026405 0.0347687576085329 81
1561944026414 0.035536667332053185 82
1561944026424 0.03811093454658985 83
1561944026433 0.0373103206038475 84
1561944026443 0.03596645956337452 85
1561944026452 0.03740158052146435 86
1561944026462 0.03669351627230644 87
1561944026471 0.03636678162515164 88
1561944026481 0.03841817629337311 89
1561944026490 0.039375120344758034 90
1561944026500 0.036673759576678275 91
1561944026510 0.03509837909936905 92
1561944026519 0.03598549726009369 93
1561944026529 0.038180651631951334 94
1561944026538 0.04087478005886078 95
1561944026548 0.037430228838324545 96
1561944026557 0.036586952146887786 97
1561944026567 0.03623635806441307 98
1561944026576 0.03796800855100155 99
1561944026586 0.038482290649414067 100
1561944026595 0.038961870366334916 101
1561944026605 0.03676744297146797 102
1561944026615 0.03689633352756501 103
1561944026624 0.03625967503637075 104
1561944026634 0.035909791332483294 105
1561944026643 0.03832106572687626 106
1561944026653 0.03920062097907066 107
1561944026663 0.037656599107384676 108
1561944026672 0.03589723968207836 109
1561944026682 0.0363349865436554 110
1561944026691 0.03776626513004303 111
1561944026701 0.038888437780737875 112
1561944026711 0.03946079210639 113
1561944026720 0.037878308559954166 114
1561944026730 0.03731066719293594 115
1561944026740 0.03788546667844057 116
1561944026750 0.03993991192281246 117
1561944026759 0.03830116284638643 118
1561944026769 0.03839548725783825 119
1561944026779 0.037132910650968555 120
1561944026788 0.03753640699237585 121
1561944026798 0.03763294124603271 122
1561944026807 0.03799157619178295 123
1561944026817 0.038885665337741376 124
1561944026827 0.03825950690209866 125
1561944026836 0.03736323122531176 126
1561944026846 0.037512472540140146 127
1561944026856 0.03804234313517809 128
1561944026865 0.03892975255399942 129
1561944026875 0.03759425474405289 130
1561944026885 0.03758227497339249 131
1561944026894 0.03853204434663057 132
1561944026904 0.03899998017847538 133
1561944026913 0.03902425554841757 134
1561944026923 0.037865729270875455 135
1561944026933 0.03772377339154482 136
1561944026942 0.03801200578510762 137
1561944026952 0.03916617220789194 138
1561944026962 0.038707086005806926 139
1561944026971 0.03760841489434242 140
1561944026981 0.03832601639032364 141
1561944026991 0.03985623554289341 142
1561944027000 0.04079172094464302 143
1561944027010 0.03911064524650573 144
1561944027019 0.03912643884271383 145
1561944027029 0.038714735688269136 146
1561944027039 0.03998053661137819 147
1561944027049 0.039573314830660816 148
1561944027058 0.0392869368031621 149
1561944027068 0.039147283004224306 150
1561944027080 0.03910557770580053 151
1561944027090 0.03939420048445463 152
1561944027100 0.04030494092330336 153
1561944027110 0.03938129531443119 154
1561944027119 0.039446376806497575 155
1561944027129 0.038806187701970335 156
1561944027139 0.03976139516159892 157
1561944027148 0.04053741576969624 158
1561944027158 0.04072437232136726 159
1561944027168 0.04060772674754262 160
1561944027178 0.040443412391096355 161
1561944027187 0.03940155682563781 162
1561944027197 0.03933893698900938 163
1561944027207 0.03913291569426656 164
1561944027216 0.04000620545893908 165
1561944027226 0.040482144758850334 166
1561944027236 0.040730207564681764 167
1561944027245 0.04128081124350429 168
1561944027255 0.0402898828677833 169
1561944027265 0.03916167284846306 170
1561944027275 0.0395818151332438 171
1561944027284 0.03940450838506222 172
1561944027294 0.039944414168596266 173
1561944027304 0.04176053748875857 174
1561944027314 0.04109690711721778 175
1561944027324 0.040625839173793796 176
1561944027333 0.03999282681643963 177
1561944027343 0.04075520252734423 178
1561944027353 0.039767061083763836 179
1561944027363 0.03945218660384417 180
1561944027373 0.040660761304944754 181
1561944027382 0.04204806504175067 182
1561944027392 0.0410720188036561 183
1561944027402 0.04187877849042416 184
1561944027412 0.04171702360734344 185
1561944027421 0.04122033197656274 186
1561944027431 0.040271571264415974 187
1561944027441 0.04031345942318439 188
1561944027451 0.040625117423385385 189
1561944027461 0.041639322536438705 190
1561944027471 0.04296444777399301 191
1561944027481 0.04251456925496459 192
1561944027490 0.040957110213488336 193
1561944027500 0.04123242959827185 194
1561944027510 0.04164091614708304 195
1561944027520 0.0423532190002501 196
1561944027529 0.042205858530849225 197
1561944027539 0.04131251735910773 198
1561944027549 0.04044366321563721 199
