1561944022031 2.3866137451171876 0
1561944022039 1.1687256996154785 1
1561944022048 0.8427747605323791 2
1561944022057 0.6896560168266297 3
1561944022065 0.5928056357383727 4
1561944022075 0.5171252524852753 5
1561944022086 0.4593939521312714 6
1561944022095 0.4192390578746796 7
1561944022104 0.37187096514701845 8
1561944022113 0.34163806920051576 9
1561944022121 0.3166915289402008 10
1561944022130 0.2946790177822113 11
1561944022138 0.2739482015609741 12
1561944022147 0.2538897836446762 13
1561944022155 0.24051942014694214 14
1561944022164 0.22136528661251068 15
1561944022172 0.20529389433860779 16
1561944022181 0.1939192334651947 17
1561944022189 0.18248902463912964 18
1561944022198 0.17045922777652742 19
1561944022206 0.1613038341999054 20
1561944022215 0.1576879138946533 21
1561944022224 0.14951597051620483 22
1561944022232 0.14236314511299134 23
1561944022241 0.13480264067649841 24
1561944022249 0.1296392365694046 25
1561944022258 0.12033132464885711 26
1561944022266 0.11974666259288788 27
1561944022274 0.1128521458864212 28
1561944022283 0.10679047448635101 29
1561944022292 0.10487089837789536 30
1561944022300 0.09989346108436585 31
1561944022309 0.09428243398666382 32
1561944022318 0.09213474665880203 33
1561944022326 0.08771496126651764 34
1561944022335 0.0883232677936554 35
1561944022343 0.08366705482006073 36
1561944022352 0.07839065276384354 37
1561944022360 0.07711307188272476 38
1561944022369 0.07771869719028474 39
1561944022377 0.07182486892938614 40
1561944022386 0.0698391235947609 41
1561944022394 0.0683957445025444 42
1561944022403 0.06470463287830353 43
1561944022411 0.06388201190829278 44
1561944022420 0.06069263995885849 45
1561944022428 0.0576663092315197 46
1561944022437 0.05778722547292709 47
1561944022445 0.05529295139908791 48
1561944022454 0.05264373199343681 49
1561944022462 0.05187331067919731 50
1561944022471 0.050762599295377735 51
1561944022479 0.049126044940948486 52
1561944022488 0.046796131211519244 53
1561944022496 0.046905865669250486 54
1561944022505 0.04641578952074051 55
1561944022514 0.04303163310885429 56
1561944022522 0.04391959971189499 57
1561944022530 0.04027865122556686 58
1561944022539 0.03995530214309692 59
1561944022547 0.03994578102231026 60
1561944022556 0.036752711004018786 61
1561944022568 0.037381812012195585 62
1561944022577 0.0358335744202137 63
1561944022586 0.035401672899723055 64
1561944022595 0.034995803260803225 65
1561944022604 0.0329090783894062 66
1561944022612 0.033041346606612204 67
1561944022622 0.03218426601588726 68
1561944022631 0.03008758144378662 69
1561944022640 0.029265480157732962 70
1561944022648 0.02974181304872036 71
1561944022657 0.0278261583596468 72
1561944022666 0.028787543177604676 73
1561944022674 0.026865910255908967 74
1561944022683 0.026362788251042366 75
1561944022692 0.027205594965815545 76
1561944022700 0.027504773092269896 77
1561944022709 0.02480949642956257 78
1561944022718 0.025880184572935103 79
1561944022726 0.024420038303732874 80
1561944022735 0.023951913955807685 81
1561944022743 0.023274293199181558 82
1561944022752 0.022641593912243844 83
1561944022760 0.021431515765190125 84
1561944022769 0.02163632837831974 85
1561944022778 0.02082211144864559 86
1561944022787 0.020475179833173752 87
1561944022795 0.01996515893638134 88
1561944022804 0.02003477492928505 89
1561944022812 0.019398800370097162 90
1561944022821 0.019037652495503425 91
1561944022830 0.01946166164278984 92
1561944022838 0.018709590202569962 93
1561944022847 0.01788006311953068 94
1561944022855 0.018015633761882782 95
1561944022864 0.01884968607723713 96
1561944022873 0.016752157363295554 97
1561944022881 0.016594817113876344 98
1561944022890 0.01740380987226963 99
1561944022899 0.017560205674171447 100
1561944022907 0.01644572845697403 101
1561944022916 0.016300706803798675 102
1561944022924 0.015864412266016006 103
1561944022933 0.01498029627352953 104
1561944022942 0.015139183360338211 105
1561944022950 0.015097895589470863 106
1561944022959 0.014364673107862472 107
1561944022968 0.014385151234269143 108
1561944022976 0.014563895496726036 109
1561944022985 0.014251753532886505 110
1561944022993 0.01353848528265953 111
1561944023002 0.013121775326132774 112
1561944023011 0.013055948603153228 113
1561944023019 0.013023745898902416 114
1561944023028 0.012587511444091797 115
1561944023037 0.012425563023984433 116
1561944023046 0.012148104646801949 117
1561944023054 0.012800618372857571 118
1561944023063 0.01206404780447483 119
1561944023071 0.01258948214650154 120
1561944023088 0.012027572871744633 121
1561944023097 0.012030052930116653 122
1561944023106 0.011793468627333641 123
1561944023115 0.01143695806413889 124
1561944023124 0.011845089027285576 125
1561944023134 0.010992047564685345 126
1561944023145 0.011064060986042023 127
1561944023156 0.01046203989237547 128
1561944023168 0.01004490092843771 129
1561944023178 0.010239690947532654 130
1561944023191 0.010606652110815048 131
1561944023202 0.010930491779744625 132
1561944023212 0.010542588266730308 133
1561944023221 0.0095544981315732 134
1561944023230 0.009945795507729054 135
1561944023239 0.009724684415757657 136
1561944023248 0.009546939453482627 137
1561944023257 0.009648418425023555 138
1561944023266 0.009509541711211204 139
1561944023275 0.009859780722856521 140
1561944023284 0.00910941151380539 141
1561944023293 0.008473657777905465 142
1561944023302 0.008287318241596222 143
1561944023316 0.008669856178760529 144
1561944023328 0.008719468100368976 145
1561944023337 0.008934968619048595 146
1561944023345 0.008211257903277874 147
1561944023354 0.008777605012059212 148
1561944023363 0.008296040491759776 149
1561944023371 0.007707962854206562 150
1561944023380 0.007982319416105747 151
1561944023389 0.008397040893137454 152
1561944023398 0.007329633102566004 153
1561944023406 0.007664138713479042 154
1561944023415 0.007437946403026581 155
1561944023424 0.00815964444205165 156
1561944023432 0.0076982234962284565 157
1561944023441 0.008058635684847831 158
1561944023450 0.007362492448091507 159
1561944023459 0.0073522430710494515 160
1561944023468 0.007140887471288443 161
1561944023477 0.007715762579441071 162
1561944023485 0.006950945253670216 163
1561944023494 0.007555318336933852 164
1561944023503 0.006872799287736416 165
1561944023512 0.006866818978637457 166
1561944023521 0.006783304182440043 167
1561944023530 0.0063095018334686755 168
1561944023538 0.0066607927091419696 169
1561944023547 0.007178127151727677 170
1561944023556 0.006474845727533102 171
1561944023564 0.006809160736203194 172
1561944023573 0.006523405373096466 173
1561944023582 0.00627190180271864 174
1561944023591 0.006626145593076944 175
1561944023599 0.006455810517072677 176
1561944023608 0.006725653859972954 177
1561944023617 0.005903457675874233 178
1561944023626 0.006631110758334398 179
1561944023635 0.0065986001595854755 180
1561944023644 0.005944560758024454 181
1561944023653 0.006164171511679888 182
1561944023661 0.006118272034823895 183
1561944023670 0.006009557124972344 184
1561944023679 0.00601426375284791 185
1561944023688 0.00578143127784133 186
1561944023697 0.006140907093137503 187
1561944023705 0.005584282073378563 188
1561944023714 0.005416225609928369 189
1561944023723 0.00538664291575551 190
1561944023732 0.005598250292241574 191
1561944023741 0.005099301455169916 192
1561944023749 0.005360139770060778 193
1561944023758 0.004998869891464711 194
1561944023767 0.004973305604606867 195
1561944023776 0.005313852521032095 196
1561944023785 0.005365386006981134 197
1561944023793 0.005023569510132074 198
1561944023802 0.005687226766347885 199
