1561885156672 0.9121500000317891 0
1561885156681 0.9748833333651225 1
1561885156690 0.9824333333015441 2
1561885156698 0.9869500000317891 3
1561885156707 0.98765 4
1561885156716 0.9893499999682108 5
1561885156724 0.9911666666348775 6
1561885156733 0.9928499999682109 7
1561885156751 0.9933 8
1561885156760 0.9945333333015441 9
1561885156769 0.9952166666666666 10
1561885156783 0.9954666666666667 11
1561885156793 0.9965833333333334 12
1561885156802 0.99685 13
1561885156811 0.9969666666348775 14
1561885156828 0.9970166666666667 15
1561885156837 0.9967666666666667 16
1561885156845 0.9976333333333334 17
1561885156859 0.9973833333333333 18
1561885156873 0.9975 19
