1561885156502 0.3062704086860021 0
1561885156510 0.08996352539857229 1
1561885156519 0.06253711507121722 2
1561885156527 0.0466617873052756 3
1561885156535 0.04160239206552505 4
1561885156544 0.03587992996076743 5
1561885156553 0.030169029823939004 6
1561885156561 0.024474768767754236 7
1561885156570 0.023629965636134148 8
1561885156578 0.018125713529686133 9
1561885156587 0.017400726652145385 10
1561885156596 0.015762014121810594 11
1561885156604 0.01259048241438965 12
1561885156612 0.01189555654923121 13
1561885156621 0.011098490222791831 14
1561885156629 0.010535451476772626 15
1561885156638 0.010674015023310978 16
1561885156647 0.008788552281012137 17
1561885156655 0.008466047575573126 18
1561885156664 0.007806227904806534 19
