1561882755014 0.9427999999682108 0
1561882755022 0.985 1
1561882755031 0.9908999999682109 2
1561882755039 0.9937999999682109 3
1561882755047 0.9960333333333333 4
1561882755055 0.9978833333333333 5
1561882755064 0.9988833333333333 6
1561882755072 0.9993666666666666 7
1561882755084 0.99955 8
1561882755092 0.99985 9
1561882755101 1.0 10
1561882755109 1.0 11
1561882755117 0.9999833333333333 12
1561882755126 1.0 13
1561882755134 0.9999833333333333 14
1561882755143 1.0 15
1561882755151 1.0 16
1561882755159 1.0 17
1561882755168 1.0 18
1561882755176 1.0 19
