1561882754835 0.1927967002749443 0
1561882754843 0.05252453535248836 1
1561882754851 0.03220241306026777 2
1561882754860 0.02313364606599013 3
1561882754868 0.015813823068141938 4
1561882754877 0.010295374713589748 5
1561882754885 0.007023250835388899 6
1561882754894 0.004440024722243348 7
1561882754902 0.003310928587274005 8
1561882754911 0.002213218844123185 9
1561882754919 0.0011840786266140639 10
1561882754927 0.000849795958896478 11
1561882754936 0.000786473090806976 12
1561882754944 0.0005497823501005769 13
1561882754953 0.0006164602093398571 14
1561882754961 0.0004127635393291712 15
1561882754970 0.0003337095045639823 16
1561882754978 0.00027527977102436124 17
1561882754987 0.00023499683007830753 18
1561882755005 0.00020933062326318274 19
