1561932980174 0.7149999995231628 0
1561932980182 0.9210999993960063 1
1561932980190 0.9512666666984558 2
1561932980198 0.9649833338101705 3
1561932980205 0.9723333340644836 4
1561932980213 0.9771166655858358 5
1561932980221 0.9796333335558574 6
1561932980229 0.98234999888738 7
1561932980236 0.9840833344459534 8
1561932980244 0.985866667620341 9
1561932980252 0.9872499991734822 10
1561932980260 0.9885666656812032 11
1561932980267 0.9893166656812032 12
1561932980275 0.9900833338419597 13
1561932980283 0.991316666285197 14
1561932980291 0.9914999990145366 15
1561932980298 0.9920333323478698 16
1561932980306 0.9923999991416931 17
1561932980314 0.9934833327929179 18
1561932980322 0.9934499995867412 19
1561932980330 0.9940000010490417 20
1561932980337 0.9942833330790202 21
1561932980345 0.995333334382375 22
1561932980353 0.9953166668256124 23
1561932980361 0.9961333343823751 24
1561932980369 0.9961333324750264 25
1561932980376 0.9956666672706604 26
1561932980384 0.9965166658083597 27
1561932980392 0.9967000006039938 28
1561932980400 0.9970833332061767 29
1561932980408 0.997000000890096 30
1561932980416 0.9974666663805644 31
1561932980424 0.9977166656494141 32
1561932980432 0.9976999989827474 33
1561932980439 0.9978666663805644 34
1561932980447 0.9983000011761983 35
1561932980455 0.997900000890096 36
1561932980463 0.9980333342234293 37
1561932980470 0.9982833332061768 38
1561932980478 0.9983666659355164 39
1561932980486 0.9984999997138977 40
1561932980494 0.9983666668256124 41
1561932980502 0.9985166656494141 42
1561932980510 0.9984999994277954 43
1561932980517 0.9986833323160808 44
1561932980525 0.9985999989827474 45
1561932980533 0.9990666659355164 46
1561932980541 0.9988166663805643 47
1561932980549 0.9989999997138977 48
1561932980557 0.9987999997138977 49
1561932980565 0.999000000445048 50
1561932980573 0.999000000445048 51
1561932980581 0.9990666671117147 52
1561932980589 0.9992500011761983 53
1561932980596 0.9992499989827474 54
1561932980604 0.999300000445048 55
1561932980612 0.9988666671117147 56
1561932980620 0.9992666663805644 57
1561932980628 0.9992833337783813 58
1561932980636 0.9993000011761983 59
1561932980644 0.9992500011761983 60
1561932980652 0.999200000445048 61
1561932980660 0.9992833337783813 62
1561932980667 0.9991833326021831 63
1561932980675 0.9992500011761983 64
1561932980683 0.99935 65
1561932980691 0.9994333333333333 66
1561932980699 0.9994666671117147 67
1561932980707 0.9993666659355164 68
1561932980715 0.999383332602183 69
1561932980723 0.9995166659355164 70
1561932980730 0.9994499992688497 71
1561932980738 0.999283332602183 72
1561932980746 0.9995 73
1561932980754 0.999500000445048 74
1561932980762 0.9995166666666667 75
1561932980770 0.9993999997138977 76
1561932980778 0.9994166663805644 77
1561932980786 0.9994499997138977 78
1561932980794 0.99965 79
1561932980801 0.9995666659355164 80
1561932980809 0.9994666671117147 81
1561932980817 0.9996000011761983 82
1561932980825 0.9995166659355164 83
1561932980833 0.9997499992688497 84
1561932980841 0.9996500011761983 85
1561932980849 0.9995499992688497 86
1561932980857 0.9995166671117147 87
1561932980865 0.9996500011761983 88
1561932980873 0.9996333345095316 89
1561932980881 0.999566667842865 90
1561932980889 0.999583332602183 91
1561932980897 0.9996333333333334 92
1561932980905 0.9996833345095316 93
1561932980913 0.999683332602183 94
1561932980921 0.9996999992688497 95
1561932980929 0.9997666671117147 96
1561932980937 0.9995833333333334 97
1561932980944 0.9996833333333334 98
1561932980952 0.9996 99
