1561932979388 0.9066816975752513 0
1561932979395 0.28223973313172657 1
1561932979403 0.1778320875008901 2
1561932979410 0.13095030896663665 3
1561932979421 0.10177019759813945 4
1561932979433 0.08448392320076624 5
1561932979444 0.07486760724782944 6
1561932979452 0.06578894492785135 7
1561932979459 0.057614508563280105 8
1561932979467 0.05138594717780749 9
1561932979475 0.04784939873019854 10
1561932979483 0.04351390105684598 11
1561932979491 0.04025229451258977 12
1561932979498 0.03694389632145564 13
1561932979506 0.033608228397369384 14
1561932979514 0.032429879802465436 15
1561932979522 0.030141830585400264 16
1561932979529 0.028099568949143092 17
1561932979537 0.026355580282211303 18
1561932979545 0.024505981194972992 19
1561932979553 0.023378149882952372 20
1561932979561 0.02181517700354258 21
1561932979568 0.0199237605770429 22
1561932979576 0.01906290760288636 23
1561932979584 0.017687054015199342 24
1561932979592 0.016949200541774432 25
1561932979600 0.016608665123581886 26
1561932979608 0.015141513727108638 27
1561932979615 0.014753336399793624 28
1561932979623 0.013128415881097318 29
1561932979631 0.012855331242084503 30
1561932979639 0.011988238859673341 31
1561932979646 0.011443751044074694 32
1561932979654 0.010951426998277506 33
1561932979661 0.010553643194337686 34
1561932979669 0.009461144536236922 35
1561932979677 0.009350530000030994 36
1561932979684 0.009062778796752293 37
1561932979692 0.008667550018926462 38
1561932979700 0.008438306814432145 39
1561932979707 0.007870065911114216 40
1561932979715 0.007929114769399167 41
1561932979723 0.007465788672367732 42
1561932979730 0.007489220568537712 43
1561932979738 0.006957700782517592 44
1561932979746 0.006705674240489801 45
1561932979753 0.005974502855042616 46
1561932979761 0.006189620996763309 47
1561932979769 0.0060105588609973585 48
1561932979776 0.006031991265217463 49
1561932979784 0.005582625937958559 50
1561932979791 0.005550710518161456 51
1561932979799 0.005207387697696686 52
1561932979807 0.004744365764657656 53
1561932979814 0.004792993720620871 54
1561932979822 0.004515130298833052 55
1561932979830 0.005105784695843855 56
1561932979837 0.004110440136988957 57
1561932979845 0.004272914520899455 58
1561932979853 0.004256589929759503 59
1561932979860 0.0041383010531465215 60
1561932979868 0.004132887593656778 61
1561932979876 0.0038942761356631915 62
1561932979883 0.004190541580940286 63
1561932979891 0.003662992988030116 64
1561932979899 0.003716198195020358 65
1561932979906 0.003649736067528526 66
1561932979914 0.003460830776145061 67
1561932979922 0.003447088528300325 68
1561932979930 0.0034189320913205544 69
1561932979938 0.0031276150092482565 70
1561932979945 0.0033795112452159326 71
1561932979953 0.0034742392250647148 72
1561932979961 0.003125765415901939 73
1561932979968 0.003060897033661604 74
1561932979976 0.0030204665064811707 75
1561932979984 0.0032105155006051066 76
1561932979992 0.0031857011801252762 77
1561932979999 0.0031187882592280704 78
1561932980007 0.0025569849170123536 79
1561932980015 0.002647221572076281 80
1561932980023 0.0028946986051897206 81
1561932980030 0.002441815182194114 82
1561932980038 0.0028163953137894473 83
1561932980046 0.0022875046091775098 84
1561932980054 0.002388853108137846 85
1561932980061 0.002430341088399291 86
1561932980069 0.002361291078105569 87
1561932980081 0.0022973372182498375 88
1561932980089 0.0021588925056159496 89
1561932980097 0.0021823396526277064 90
1561932980104 0.0021503019551436108 91
1561932980112 0.0021973774457971257 92
1561932980120 0.0020175927547117075 93
1561932980128 0.0020685969156523545 94
1561932980135 0.001996184839804967 95
1561932980143 0.0017608795539786417 96
1561932980151 0.001903331923795243 97
1561932980159 0.0019065237571795782 98
1561932980167 0.0020059472500657044 99
