1561884022639 0.8506999998092651 0
1561884022646 0.9604833335240682 1
1561884022654 0.9753999999682108 2
1561884022661 0.9829333334287008 3
1561884022669 0.9865499999046325 4
1561884022677 0.9887166666984558 5
1561884022684 0.990666666507721 6
1561884022692 0.9924166663805644 7
1561884022699 0.993433333047231 8
1561884022707 0.9941166667938233 9
1561884022715 0.9948333335240682 10
1561884022722 0.9959166666666667 11
1561884022730 0.9965499998410543 12
1561884022737 0.9970166666666667 13
1561884022745 0.9974333334604899 14
1561884022753 0.99793333346049 15
1561884022761 0.9981500001271566 16
1561884022768 0.9981500001907349 17
1561884022776 0.9987000000635783 18
1561884022783 0.99895 19
