1561884022478 0.49065336379210156 0
1561884022487 0.13875816106001537 1
1561884022495 0.08644798591931661 2
1561884022503 0.06241565897862116 3
1561884022511 0.05018953375617663 4
1561884022520 0.0414632112344106 5
1561884022528 0.03460746053655942 6
1561884022536 0.030006255759795507 7
1561884022544 0.02601320075194041 8
1561884022552 0.02315552959839503 9
1561884022560 0.020344928391774496 10
1561884022568 0.017864189490675926 11
1561884022575 0.015304588920871416 12
1561884022583 0.013839381143450737 13
1561884022590 0.012188137909273306 14
1561884022598 0.010455932899812857 15
1561884022605 0.009585471904277802 16
1561884022613 0.008812487768133481 17
1561884022621 0.007708606258531411 18
1561884022631 0.006974858172734579 19
