1561933147170 0.8628833333651225 0
1561933147178 0.9591166666348775 1
1561933147187 0.9702333333651225 2
1561933147195 0.9747666666348775 3
1561933147203 0.9779833333651224 4
1561933147211 0.9809333333015442 5
1561933147219 0.9825833333015442 6
1561933147227 0.98385 7
1561933147236 0.9848166666984558 8
1561933147244 0.9857333333333334 9
1561933147252 0.9864499999682108 10
1561933147260 0.9873166666348775 11
1561933147268 0.9889333333015442 12
1561933147276 0.9893333333333333 13
1561933147285 0.9899333333333333 14
1561933147293 0.9902166666666666 15
1561933147301 0.9901666666348775 16
1561933147309 0.9918666666666667 17
1561933147317 0.9910833333333333 18
1561933147326 0.99225 19
1561933147334 0.9921333333651224 20
1561933147343 0.99195 21
1561933147351 0.9930666666984558 22
1561933147360 0.9922833333015442 23
1561933147368 0.9928999999682109 24
1561933147377 0.9936333333015442 25
1561933147385 0.99395 26
1561933147393 0.9940166666348775 27
1561933147402 0.9939833333333333 28
1561933147410 0.9943833333333333 29
1561933147419 0.9947166666984558 30
1561933147427 0.9943499999682108 31
1561933147436 0.9940499999682109 32
1561933147444 0.9933000000317892 33
1561933147454 0.9945499999682108 34
1561933147462 0.9949333333333333 35
1561933147471 0.9952333333015442 36
1561933147480 0.99535 37
1561933147488 0.9955333333333334 38
1561933147497 0.9954999999682108 39
1561933147505 0.99495 40
1561933147514 0.9957833333333334 41
1561933147522 0.9958833333015442 42
1561933147531 0.9957666666348776 43
1561933147539 0.9953999999682108 44
1561933147547 0.9958166666666667 45
1561933147556 0.9964333333333333 46
1561933147564 0.9962666666666666 47
1561933147572 0.9963166666666666 48
1561933147581 0.9965833333015441 49
1561933147589 0.9961166666666667 50
1561933147598 0.9962833333333333 51
1561933147606 0.99675 52
1561933147614 0.9965166666666667 53
1561933147624 0.99665 54
1561933147632 0.9969833333333333 55
1561933147640 0.9968666666666667 56
1561933147649 0.9964833333333334 57
1561933147657 0.9969666666666667 58
1561933147665 0.9970666666348775 59
1561933147673 0.9970999999682109 60
1561933147681 0.9964166666666666 61
1561933147690 0.9968666666348776 62
1561933147699 0.9970166666666667 63
1561933147707 0.9970666666666667 64
1561933147715 0.9972666666666666 65
1561933147724 0.9973000000317891 66
1561933147732 0.9966833333333334 67
1561933147740 0.9968666666348776 68
1561933147749 0.9966666666666667 69
1561933147758 0.9969833333333333 70
1561933147766 0.9972666666666666 71
1561933147775 0.9972500000317891 72
1561933147783 0.9972166666348775 73
1561933147792 0.9973833333651225 74
1561933147800 0.9968666666666667 75
1561933147809 0.9970166666666667 76
1561933147817 0.9971666666666666 77
1561933147826 0.9971499999682109 78
1561933147834 0.9965666666666667 79
1561933147842 0.9971666666666666 80
1561933147850 0.9979666666666667 81
1561933147859 0.9976666666666667 82
1561933147867 0.9977166666666667 83
1561933147875 0.9977 84
1561933147884 0.9973833333333333 85
1561933147892 0.9977166666666667 86
1561933147900 0.99715 87
1561933147909 0.9976833333333334 88
1561933147917 0.998 89
1561933147926 0.9978666666666667 90
1561933147934 0.9978833333015442 91
1561933147942 0.9979666666666667 92
1561933147951 0.9978000000317891 93
1561933147959 0.9976 94
1561933147967 0.9976166666666667 95
1561933147976 0.9977833333333334 96
1561933147984 0.9982 97
1561933147994 0.9981166666348775 98
1561933148004 0.9977499999682109 99
