1561933146258 0.4988823702414831 0
1561933146274 0.1655829044977824 1
1561933146282 0.11563095103104909 2
1561933146290 0.09515108119646708 3
1561933146298 0.07943153794606526 4
1561933146313 0.07016919246514638 5
1561933146322 0.06233984425067902 6
1561933146330 0.05719703978300095 7
1561933146337 0.052724585217237475 8
1561933146350 0.048066303832829 9
1561933146363 0.04667822567820549 10
1561933146372 0.04226735087037087 11
1561933146381 0.03926999895473321 12
1561933146388 0.03663375196456909 13
1561933146396 0.03593185015122096 14
1561933146404 0.032513102239370345 15
1561933146412 0.033129110915462175 16
1561933146420 0.02761433759232362 17
1561933146428 0.02935986080865065 18
1561933146435 0.02695659668892622 19
1561933146443 0.025118122414747875 20
1561933146451 0.026407219414164622 21
1561933146459 0.022861084868510566 22
1561933146467 0.02379716734290123 23
1561933146475 0.02323817728360494 24
1561933146483 0.020682817915081978 25
1561933146498 0.019520739371329546 26
1561933146512 0.018484995436668396 27
1561933146521 0.019744902410109837 28
1561933146529 0.018403935474157335 29
1561933146537 0.01691261715888977 30
1561933146545 0.018682002212603886 31
1561933146552 0.018004202258586885 32
1561933146560 0.020381400918960572 33
1561933146568 0.017018035632371902 34
1561933146576 0.016611026075234014 35
1561933146584 0.015123806698123615 36
1561933146592 0.015006575192014376 37
1561933146599 0.013565869583562016 38
1561933146607 0.013746168088912963 39
1561933146615 0.015474644624317685 40
1561933146623 0.012759155115485192 41
1561933146630 0.012614691937963168 42
1561933146638 0.01336735381136338 43
1561933146646 0.013137819333871205 44
1561933146654 0.01255391900440057 45
1561933146662 0.010925569950665038 46
1561933146669 0.012274805632978678 47
1561933146677 0.01143463587562243 48
1561933146685 0.010985023223857086 49
1561933146693 0.01244461207749943 50
1561933146701 0.01148814472462982 51
1561933146709 0.010277000755009551 52
1561933146717 0.011503907943765322 53
1561933146725 0.010064102008317907 54
1561933146733 0.00981085396396617 55
1561933146741 0.00899213336755832 56
1561933146749 0.010157440657851596 57
1561933146757 0.008955379133826743 58
1561933146765 0.008900171276926994 59
1561933146773 0.008913100444277127 60
1561933146781 0.011100498167673747 61
1561933146789 0.009662331026295821 62
1561933146797 0.00955245907107989 63
1561933146812 0.008663407714882245 64
1561933146826 0.008673109081635872 65
1561933146834 0.007799277651309967 66
1561933146842 0.009931541744588563 67
1561933146851 0.009176632658640544 68
1561933146859 0.010249145542581876 69
1561933146868 0.009225213911632698 70
1561933146876 0.007881146374841531 71
1561933146885 0.007836102712651094 72
1561933146893 0.00915739238212506 73
1561933146901 0.008298599251111349 74
1561933146909 0.009482361957182488 75
1561933146918 0.008757191049369673 76
1561933146926 0.008338524769308667 77
1561933146935 0.008654244577884674 78
1561933146943 0.010235512536267439 79
1561933146953 0.008025227488041855 80
1561933146969 0.006715229849625999 81
1561933146987 0.006588009105498592 82
1561933147004 0.007070465820655227 83
1561933147019 0.006864755966265996 84
1561933147027 0.007182444294107457 85
1561933147035 0.006977625089635451 86
1561933147044 0.007902073057632273 87
1561933147053 0.00646413433291018 88
1561933147061 0.005869788233439127 89
1561933147069 0.006164887688184778 90
1561933147080 0.006486919725934665 91
1561933147088 0.005834770137995171 92
1561933147096 0.006789146813253562 93
1561933147105 0.0073701593386630215 94
1561933147113 0.007181874495496353 95
1561933147121 0.006656117997939388 96
1561933147139 0.005664438967158397 97
1561933147154 0.005284890130658944 98
1561933147162 0.006511205539107323 99
