1561885117850 0.9286333333333333 0
1561885117858 0.9779333333333333 1
1561885117866 0.9836333333333334 2
1561885117874 0.98665 3
1561885117882 0.9887166666666667 4
1561885117890 0.9903666666984559 5
1561885117898 0.9921 6
1561885117906 0.9925499999682108 7
1561885117914 0.9939166666348775 8
1561885117921 0.9946500000317892 9
1561885117929 0.9941 10
1561885117937 0.9950833333333333 11
1561885117945 0.9962333333333333 12
1561885117953 0.9955166666984558 13
1561885117961 0.9961499999682109 14
1561885117969 0.9963333333015442 15
1561885117977 0.9966833333333334 16
1561885117985 0.9966999999682109 17
1561885117993 0.9970166666348775 18
1561885118001 0.9969166666348775 19
