1561885117686 0.24708036977847417 0
1561885117695 0.0777008152042826 1
1561885117703 0.05715392596324285 2
1561885117712 0.04378725473632415 3
1561885117720 0.03837154804468155 4
1561885117729 0.03192462999224663 5
1561885117737 0.026981914606193702 6
1561885117746 0.024743902897338074 7
1561885117754 0.021104208781321843 8
1561885117762 0.018991639026006063 9
1561885117771 0.01825546325792869 10
1561885117779 0.015764408593252302 11
1561885117787 0.012919439479708672 12
1561885117795 0.013394023103018602 13
1561885117803 0.01287227077682813 14
1561885117811 0.011558445685108503 15
1561885117819 0.010713044849969447 16
1561885117827 0.010014859184871118 17
1561885117834 0.009322193161398172 18
1561885117842 0.009890668547401825 19
