1561932756556 0.8857666667938232 0
1561932756563 0.969966666730245 1
1561932756571 0.9807499997456869 2
1561932756579 0.9848333334287007 3
1561932756586 0.9876499999682109 4
1561932756594 0.9897499998410543 5
1561932756602 0.9911833332379659 6
1561932756609 0.9918999998410543 7
1561932756617 0.9932833335876465 8
1561932756624 0.9939333330472311 9
1561932756632 0.9947333335240682 10
1561932756640 0.9952000001907348 11
1561932756648 0.996266666730245 12
1561932756655 0.9966500002543132 13
1561932756663 0.9968166669209798 14
1561932756671 0.9969 15
1561932756679 0.9975333335240681 16
1561932756686 0.9981666667938233 17
1561932756694 0.9978166667302449 18
1561932756702 0.9977333334604899 19
1561932756710 0.99775 20
1561932756717 0.9981666668574015 21
1561932756725 0.9981333333333333 22
1561932756733 0.9983666667938232 23
1561932756740 0.9984166667938232 24
1561932756748 0.998516666730245 25
1561932756756 0.9987166667938232 26
1561932756763 0.9990333333333333 27
1561932756771 0.9989666666666667 28
1561932756779 0.9989000000635783 29
1561932756787 0.9989500000635783 30
1561932756794 0.999 31
1561932756802 0.9989666666666667 32
1561932756810 0.9992666666666666 33
1561932756818 0.9990166667302449 34
1561932756825 0.9989500000635783 35
1561932756833 0.9989833333333333 36
1561932756841 0.9989166666666667 37
1561932756849 0.9990333333969116 38
1561932756856 0.9988666667938232 39
1561932756864 0.99885 40
1561932756872 0.9991666667302449 41
1561932756880 0.9989 42
1561932756888 0.9987833333333334 43
1561932756895 0.9989 44
1561932756903 0.9988333333333334 45
1561932756911 0.9990833333969116 46
1561932756919 0.9990833333969116 47
1561932756926 0.9990666666666667 48
1561932756934 0.9985833334604899 49
1561932756942 0.998516666730245 50
1561932756950 0.9990666667302449 51
1561932756957 0.9991833333969116 52
1561932756965 0.9992833333333333 53
1561932756973 0.9994166666666666 54
1561932756981 0.9992333333969117 55
1561932756988 0.999316666730245 56
1561932756996 0.9991666666666666 57
1561932757004 0.9995166666666667 58
1561932757012 0.999266666730245 59
1561932757020 0.9990333333969116 60
1561932757027 0.9991166667302449 61
1561932757035 0.99925 62
1561932757043 0.9996166666666667 63
1561932757051 0.9990666667302449 64
1561932757058 0.9992666666666666 65
1561932757066 0.9990166666666667 66
1561932757075 0.9991833333969116 67
1561932757085 0.9991166666666667 68
1561932757093 0.9991833333333333 69
1561932757101 0.9991833333333333 70
1561932757109 0.9991666667302449 71
1561932757117 0.9992166666666666 72
1561932757124 0.9993333333969117 73
1561932757132 0.9994333333333333 74
1561932757140 0.9994000000635783 75
1561932757148 0.9991833333333333 76
1561932757156 0.9993166666666666 77
1561932757163 0.9993 78
1561932757171 0.999516666730245 79
1561932757179 0.9991000000635782 80
1561932757187 0.9992166666666666 81
1561932757194 0.9992333333969117 82
1561932757202 0.9993500000635783 83
1561932757210 0.9992 84
1561932757218 0.9995333333333334 85
1561932757225 0.9996166667938232 86
1561932757233 0.9996 87
1561932757241 0.9995833333333334 88
1561932757249 0.99965 89
1561932757257 0.99955 90
1561932757265 0.9994333333333333 91
1561932757272 0.999416666730245 92
1561932757280 0.9993666666666666 93
1561932757288 0.999316666730245 94
1561932757296 0.9993666666666666 95
1561932757304 0.9993833333969117 96
1561932757311 0.99955 97
1561932757319 0.9993166666666666 98
1561932757327 0.9995 99
