1561932755798 0.38049650394121803 0
1561932755806 0.10819658209482828 1
1561932755813 0.07134799125989279 2
1561932755820 0.054395506087938944 3
1561932755828 0.04587913140654564 4
1561932755835 0.037264442972342174 5
1561932755843 0.03205788863996665 6
1561932755850 0.02888576102256775 7
1561932755858 0.023968598972757656 8
1561932755865 0.021759610564510028 9
1561932755873 0.019641093938549358 10
1561932755880 0.017689015437165896 11
1561932755888 0.014875150299072265 12
1561932755895 0.013046064425508182 13
1561932755903 0.012681606023510298 14
1561932755910 0.011577465160439412 15
1561932755917 0.010119189242025216 16
1561932755925 0.008602790827055772 17
1561932755932 0.00864871892084678 18
1561932755940 0.008450179402530194 19
1561932755947 0.008417894687255224 20
1561932755955 0.007266236644486586 21
1561932755962 0.006782286301255226 22
1561932755970 0.0064128183732430144 23
1561932755977 0.006191749576230844 24
1561932755985 0.005855932058642308 25
1561932755992 0.004960926297307014 26
1561932756000 0.004650338593373696 27
1561932756007 0.0044064170390367505 28
1561932756014 0.004388086714347203 29
1561932756022 0.004581723933418592 30
1561932756030 0.003931583429624637 31
1561932756037 0.004373610610887408 32
1561932756045 0.00344744822991391 33
1561932756052 0.0037359000648061434 34
1561932756060 0.0038330406904220583 35
1561932756067 0.003959421985720595 36
1561932756076 0.003798920590803027 37
1561932756085 0.003349338814864556 38
1561932756093 0.004003050213555495 39
1561932756100 0.004158468647301197 40
1561932756108 0.0033231003366410734 41
1561932756115 0.0038097174539541206 42
1561932756123 0.004110341264369587 43
1561932756131 0.0039477569237351415 44
1561932756138 0.0041944319126506644 45
1561932756145 0.0035475747898221018 46
1561932756153 0.0034307812330623467 47
1561932756160 0.0032868159438172975 48
1561932756168 0.004032465294003486 49
1561932756176 0.004667950148632129 50
1561932756183 0.0034035864017903806 51
1561932756190 0.0029286327570676803 52
1561932756198 0.002832750479876995 53
1561932756207 0.002370362053066492 54
1561932756214 0.002563559527695179 55
1561932756222 0.0021614129739503064 56
1561932756230 0.0027321337174779424 57
1561932756237 0.002087204519410928 58
1561932756245 0.0021911843229085208 59
1561932756252 0.003160575244327386 60
1561932756260 0.0027838447904835143 61
1561932756267 0.0024303755641294023 62
1561932756275 0.0019096534286315242 63
1561932756282 0.002926613983511925 64
1561932756290 0.0025607354109485943 65
1561932756297 0.0030517293341923504 66
1561932756305 0.002912837414816022 67
1561932756312 0.002457335836129884 68
1561932756320 0.0027853550588091214 69
1561932756328 0.0025152077389881014 70
1561932756335 0.002624983344351252 71
1561932756343 0.00247066564289853 72
1561932756350 0.0022708946637188393 73
1561932756358 0.0022741273938367765 74
1561932756365 0.002073504980405172 75
1561932756373 0.0023238283947731057 76
1561932756380 0.0021194181233023606 77
1561932756388 0.002259487447390954 78
1561932756396 0.0016742433829853931 79
1561932756404 0.002378423995152116 80
1561932756411 0.0025965566982204718 81
1561932756419 0.0019923010061184566 82
1561932756426 0.00208381123157839 83
1561932756434 0.0020038870823259154 84
1561932756441 0.0016443903340026735 85
1561932756449 0.0013348398269464573 86
1561932756457 0.0017009678793294975 87
1561932756464 0.0013789946792026361 88
1561932756472 0.0014729645118427774 89
1561932756479 0.0015016991667449475 90
1561932756487 0.001782999994388471 91
1561932756495 0.001991221127783259 92
1561932756502 0.0022470394402742387 93
1561932756510 0.0021937113363295793 94
1561932756517 0.002243639439065009 95
1561932756525 0.00191330176529785 96
1561932756533 0.0014528976244851948 97
1561932756540 0.0017540764497593045 98
1561932756548 0.0016795571017234276 99
