1561942217393 0.09640000015497208 0
1561942217402 0.4596000015735626 1
1561942217411 0.6313999891281128 2
1561942217420 0.714900016784668 3
1561942217429 0.7651000022888184 4
1561942217438 0.7979999780654907 5
1561942217447 0.8241000175476074 6
1561942217456 0.8353999853134155 7
1561942217465 0.8496999740600586 8
1561942217474 0.8633999824523926 9
1561942217483 0.8755999803543091 10
1561942217493 0.8755000233650208 11
1561942217502 0.8863999843597412 12
1561942217511 0.8909000158309937 13
1561942217520 0.892799973487854 14
1561942217529 0.9043999910354614 15
1561942217538 0.9101999998092651 16
1561942217547 0.911899983882904 17
1561942217556 0.9185000061988831 18
1561942217565 0.9176999926567078 19
1561942217574 0.9218000173568726 20
1561942217584 0.9223999977111816 21
1561942217593 0.9254999756813049 22
1561942217602 0.9286999702453613 23
1561942217611 0.9326000213623047 24
1561942217620 0.9316999912261963 25
1561942217629 0.9354000091552734 26
1561942217638 0.9381999969482422 27
1561942217647 0.9415000081062317 28
1561942217656 0.9412999749183655 29
1561942217665 0.942799985408783 30
1561942217674 0.9455999732017517 31
1561942217683 0.9478999972343445 32
1561942217692 0.9490000009536743 33
1561942217701 0.9488000273704529 34
1561942217710 0.9545000195503235 35
1561942217719 0.9503999948501587 36
1561942217728 0.9521999955177307 37
1561942217737 0.954800009727478 38
1561942217747 0.9585999846458435 39
1561942217756 0.958299994468689 40
1561942217765 0.961899995803833 41
1561942217774 0.9610000252723694 42
1561942217784 0.9607999920845032 43
1561942217793 0.9621000289916992 44
1561942217802 0.9642999768257141 45
1561942217811 0.9660999774932861 46
1561942217820 0.9627000093460083 47
1561942217830 0.9678000211715698 48
1561942217840 0.9667999744415283 49
1561942217849 0.9675999879837036 50
1561942217859 0.968500018119812 51
1561942217868 0.9699000120162964 52
1561942217878 0.9695000052452087 53
1561942217887 0.9714999794960022 54
1561942217896 0.972000002861023 55
1561942217906 0.9736999869346619 56
1561942217916 0.9735999703407288 57
1561942217925 0.9751999974250793 58
1561942217935 0.9732999801635742 59
1561942217945 0.977400004863739 60
1561942217954 0.9764000177383423 61
1561942217965 0.9779000282287598 62
1561942217975 0.9783999919891357 63
1561942217984 0.9769999980926514 64
1561942217994 0.979200005531311 65
1561942218003 0.9787999987602234 66
1561942218012 0.9800999760627747 67
1561942218021 0.9796000123023987 68
1561942218030 0.9824000000953674 69
1561942218040 0.9811999797821045 70
1561942218050 0.982200026512146 71
1561942218059 0.9811000227928162 72
1561942218069 0.9815000295639038 73
1561942218083 0.9825000166893005 74
1561942218094 0.9839000105857849 75
1561942218103 0.9828000068664551 76
1561942218112 0.9836999773979187 77
1561942218121 0.9842000007629395 78
1561942218131 0.9866999983787537 79
1561942218140 0.9848999977111816 80
1561942218149 0.9854000210762024 81
1561942218158 0.986299991607666 82
1561942218168 0.9861999750137329 83
1561942218177 0.9868000149726868 84
1561942218186 0.9865000247955322 85
1561942218196 0.9873999953269958 86
1561942218205 0.9873999953269958 87
1561942218214 0.9886999726295471 88
1561942218223 0.9876999855041504 89
1561942218232 0.9894999861717224 90
1561942218241 0.9905999898910522 91
1561942218250 0.9898999929428101 92
1561942218259 0.9896000027656555 93
1561942218269 0.9901000261306763 94
1561942218278 0.9908000230789185 95
1561942218287 0.9908999800682068 96
1561942218296 0.9908000230789185 97
1561942218306 0.991599977016449 98
1561942218315 0.9908999800682068 99
