1561942218323 -1.3940325708389283 0
1561942218333 -0.6209386863708496 1
1561942218342 -0.3801742568016052 2
1561942218351 -0.2719374570846558 3
1561942218360 -0.2024627904891968 4
1561942218371 -0.16469440221786502 5
1561942218380 -0.14120711827278137 6
1561942218393 -0.11801910209655764 7
1561942218402 -0.11648133540153505 8
1561942218412 -0.09387974786758424 9
1561942218421 -0.07879057168960574 10
1561942218430 -0.08170966696739196 11
1561942218439 -0.07332717752456663 12
1561942218449 -0.07205724930763246 13
1561942218469 -0.06703552889823916 14
1561942218488 -0.05436645174026489 15
1561942218500 -0.047165944814682004 16
1561942218518 -0.047747572422027595 17
1561942218536 -0.04138643670082093 18
1561942218552 -0.04161452937126159 19
1561942218561 -0.035807173371315004 20
1561942218570 -0.037479715108871464 21
1561942218580 -0.03515747463703156 22
1561942218589 -0.029441079258918756 23
1561942218598 -0.02616842496395111 24
1561942218607 -0.026301089882850653 25
1561942218616 -0.0198491393327713 26
1561942218625 -0.014873178839683532 27
1561942218634 -0.010329212307929991 28
1561942218643 -0.010249551057815554 29
1561942218652 -0.007908101677894602 30
1561942218661 -0.0027184573411941637 31
1561942218670 -0.002325669288635257 32
1561942218679 -0.005368480920791618 33
1561942218688 -0.004764183998107907 34
1561942218697 -0.0007816078662872261 35
1561942218706 -0.0015151138305664058 36
1561942218715 -0.002284173488616953 37
1561942218724 0.0019309228658676014 38
1561942218733 0.004719499468803401 39
1561942218742 0.006729340195655825 40
1561942218754 0.013496522903442387 41
1561942218772 0.012546233534812934 42
1561942218784 0.012822636961936945 43
1561942218796 0.011147596836090096 44
1561942218805 0.012210067152976983 45
1561942218816 0.017999695897102347 46
1561942218825 0.01595957386493682 47
1561942218835 0.019525194644927968 48
1561942218845 0.01764105117321013 49
1561942218855 0.017482649326324456 50
1561942218865 0.020562045097351073 51
1561942218875 0.022091028392314915 52
1561942218885 0.022054773628711694 53
1561942218896 0.023325054049491895 54
1561942218906 0.023969624757766733 55
1561942218916 0.02423420280218125 56
1561942218925 0.023461089372634886 57
1561942218934 0.025461554765701305 58
1561942218943 0.024783526182174692 59
1561942218952 0.02576871293783188 60
1561942218961 0.027265631616115574 61
1561942218971 0.029926417708396907 62
1561942218980 0.028055880844593054 63
1561942218989 0.027506057679653168 64
1561942218998 0.02974449825286865 65
1561942219010 0.029736253082752226 66
1561942219020 0.032776097714900976 67
1561942219029 0.030518773734569543 68
1561942219039 0.03322949248552322 69
1561942219049 0.033232555091381066 70
1561942219068 0.030684559464454655 71
1561942219080 0.030932086110115053 72
1561942219089 0.03487564021348953 73
1561942219105 0.03599695986509323 74
1561942219114 0.03563963788747787 75
1561942219124 0.0322415223121643 76
1561942219137 0.03599159801006317 77
1561942219150 0.033094593882560724 78
1561942219160 0.0398711524605751 79
1561942219169 0.0386171070933342 80
1561942219185 0.042526855707168576 81
1561942219194 0.04061980038881302 82
1561942219203 0.03859649652242661 83
1561942219214 0.03723033756017685 84
1561942219227 0.03804079815745354 85
1561942219236 0.04011464926600457 86
1561942219246 0.042456341028213496 87
1561942219258 0.04420666310191154 88
1561942219269 0.04070543277263641 89
1561942219278 0.04119210365414619 90
1561942219288 0.03997862735390663 91
1561942219298 0.03918843099474907 92
1561942219308 0.04064291718602181 93
1561942219317 0.042107644796371455 94
1561942219327 0.04415419262647628 95
1561942219339 0.04342076778411866 96
1561942219353 0.04116446915268898 97
1561942219364 0.04038307759165764 98
1561942219374 0.03989518794417381 99
