1561942216435 2.8030989170074463 0
1561942216444 1.6129261255264282 1
1561942216453 1.1522367000579834 2
1561942216461 0.9197127819061279 3
1561942216470 0.7718733549118042 4
1561942216479 0.6751949191093445 5
1561942216488 0.6061035394668579 6
1561942216497 0.5472747087478638 7
1561942216506 0.5169553160667419 8
1561942216515 0.4711146354675293 9
1561942216524 0.43663960695266724 10
1561942216533 0.422763854265213 11
1561942216543 0.39799174666404724 12
1561942216552 0.38153529167175293 13
1561942216561 0.3634679317474365 14
1561942216569 0.339648962020874 15
1561942216580 0.32288995385169983 16
1561942216597 0.3148532211780548 17
1561942216612 0.30005380511283875 18
1561942216621 0.2920457422733307 19
1561942216629 0.27874159812927246 20
1561942216638 0.2731128931045532 21
1561942216646 0.2639024555683136 22
1561942216655 0.2522411644458771 23
1561942216663 0.24402494728565216 24
1561942216672 0.2401743233203888 25
1561942216680 0.23028109967708588 26
1561942216688 0.22250507771968842 27
1561942216697 0.21493086218833923 28
1561942216706 0.21164794266223907 29
1561942216714 0.20591604709625244 30
1561942216723 0.19685707986354828 31
1561942216731 0.19188983738422394 32
1561942216740 0.19045168161392212 33
1561942216748 0.185303196310997 34
1561942216757 0.17758014798164368 35
1561942216765 0.17493212223052979 36
1561942216774 0.1733325868844986 37
1561942216783 0.16689518094062805 38
1561942216792 0.16208410263061523 39
1561942216801 0.15818902850151062 40
1561942216817 0.1495814472436905 41
1561942216828 0.14796936511993408 42
1561942216841 0.14534837007522583 43
1561942216852 0.1441185474395752 44
1561942216861 0.14079031348228455 45
1561942216871 0.1331169605255127 46
1561942216880 0.13324768841266632 47
1561942216889 0.1277223378419876 48
1561942216898 0.1269068568944931 49
1561942216906 0.12493187189102173 50
1561942216917 0.1197567880153656 51
1561942216926 0.11678954213857651 52
1561942216935 0.11536949127912521 53
1561942216943 0.11276891827583313 54
1561942216952 0.11035573482513428 55
1561942216961 0.10780593007802963 56
1561942216969 0.10598215460777283 57
1561942216978 0.10195775330066681 58
1561942216986 0.10138989984989166 59
1561942216995 0.0992092490196228 60
1561942217004 0.09572337567806244 61
1561942217013 0.09139074385166168 62
1561942217021 0.09163423627614975 63
1561942217030 0.09045343846082687 64
1561942217039 0.08706656098365784 65
1561942217047 0.08641701936721802 66
1561942217056 0.08284201472997665 67
1561942217065 0.08455511182546616 68
1561942217074 0.08026663959026337 69
1561942217085 0.07855115830898285 70
1561942217094 0.07983434945344925 71
1561942217102 0.07924192398786545 72
1561942217113 0.07579231262207031 73
1561942217131 0.074135921895504 74
1561942217141 0.07235193997621536 75
1561942217149 0.07301796227693558 76
1561942217161 0.06748933345079422 77
1561942217175 0.06998302042484283 78
1561942217183 0.06401369720697403 79
1561942217192 0.06669565290212631 80
1561942217207 0.06309713423252106 81
1561942217220 0.06276022642850876 82
1561942217228 0.06221578270196915 83
1561942217237 0.0613541379570961 84
1561942217251 0.060046691447496414 85
1561942217260 0.05871787294745445 86
1561942217269 0.058013856410980225 87
1561942217278 0.05575968697667122 88
1561942217289 0.05676472187042236 89
1561942217302 0.0532829575240612 90
1561942217310 0.05257570371031761 91
1561942217319 0.05280298367142677 92
1561942217328 0.05189073458313942 93
1561942217338 0.050760962069034576 94
1561942217347 0.04856552183628082 95
1561942217356 0.04738997668027878 96
1561942217365 0.04740172252058983 97
1561942217375 0.04714641347527504 98
1561942217384 0.04768764600157738 99
