1561958418697 0.60213006 0
1561958418706 0.85196316 1
1561958418715 0.90394634 2
1561958418725 0.9256477 3
1561958418734 0.94046223 4
1561958418743 0.9495957 5
1561958418753 0.9552284 6
1561958418762 0.9599693 7
1561958418771 0.96571183 8
1561958418781 0.9657786 9
1561958418790 0.96946615 10
1561958418799 0.9713199 11
1561958418808 0.97327477 12
1561958418818 0.97389156 13
1561958418827 0.9756944 14
1561958418836 0.97646236 15
1561958418845 0.97713006 16
1561958418854 0.97622865 17
1561958418863 0.9804362 18
1561958418871 0.9782758 19
1561958418880 0.9792643 20
1561958418889 0.9795093 21
1561958418897 0.9817708 22
1561958418906 0.98040366 23
1561958418914 0.9829016 24
1561958418923 0.9821047 25
1561958418932 0.98222655 26
1561958418940 0.98454195 27
1561958418949 0.9839076 28
1561958418958 0.98257214 29
1561958418966 0.984375 30
1561958418975 0.9828392 31
1561958418984 0.98377407 32
1561958418992 0.98497593 33
1561958419001 0.98535156 34
1561958419010 0.98470885 35
1561958419018 0.98530984 36
1561958419027 0.98471767 37
1561958419036 0.98610026 38
1561958419044 0.98471767 39
1561958419053 0.9851237 40
1561958419062 0.9870477 41
1561958419070 0.98631144 42
1561958419082 0.9861111 43
1561958419091 0.9857422 44
1561958419099 0.98654515 45
1561958419108 0.9862447 46
1561958419116 0.9857439 47
1561958419125 0.98717946 48
1561958419133 0.9869792 49
