1561958419990 0.4344306949876313 0
1561958419999 0.917826962012511 1
1561958420007 0.9324325300689437 2
1561958420016 0.7591865316670166 3
1561958420024 0.7295807898044586 4
1561958420033 0.5849580769214714 5
1561958420041 0.5829340373603706 6
1561958420050 0.49309208418568995 7
1561958420058 0.3194394216832952 8
1561958420067 0.20795859386268845 9
1561958420078 0.16527266552050907 10
1561958420087 0.13010119286022687 11
1561958420096 0.07390079696973163 12
1561958420104 0.043966555378885344 13
1561958420113 0.016416022703688374 14
1561958420121 0.020878698211959285 15
1561958420130 0.002363498470722092 16
1561958420139 -0.024255478936128123 17
1561958420148 0.023295700550079346 18
1561958420156 -0.03276072583700482 19
1561958420165 -0.03202348339060942 20
1561958420174 -0.03366007828398754 21
1561958420182 -0.012375403756005134 22
1561958420191 -0.03591691392163435 23
1561958420199 -0.02626839674224979 24
1561958420208 -0.007540617042627089 25
1561958420216 -0.03510043484469255 26
1561958420225 -0.024292813973803805 27
1561958420234 -0.0276045773178339 28
1561958420242 -0.033494175115647985 29
1561958420251 -0.029656294115588195 30
1561958420260 -0.028823900028553784 31
1561958420268 -0.020946251702869043 32
1561958420277 -0.02427443292023789 33
1561958420285 -0.019168165947000184 34
1561958420294 -0.009476844234089565 35
1561958420302 -0.024426904416237124 36
1561958420311 -0.03320871823581688 37
1561958420320 -0.016474238286415737 38
1561958420328 -0.028443985376833826 39
1561958420337 -0.02522575768331687 40
1561958420345 -0.021030008044551338 41
1561958420354 -0.018582808723052346 42
1561958420363 -0.021857375570405752 43
1561958420372 -0.022006143132845563 44
1561958420380 -0.020011913410236695 45
1561958420389 -0.022413263476302483 46
1561958420397 -0.012769042503120557 47
1561958420406 -0.016936667820709385 48
1561958420414 -0.025908269661550336 49
