1561958417994 1.2319299216963286 0
1561958418013 0.4815310721214001 1
1561958418030 0.3228095077041887 2
1561958418060 0.25582375371048593 3
1561958418090 0.2016094744205475 4
1561958418106 0.17191346839331745 5
1561958418126 0.1506069297464485 6
1561958418149 0.13419586394587132 7
1561958418173 0.11529815337087354 8
1561958418195 0.11675284217056046 9
1561958418211 0.10181456158558527 10
1561958418228 0.09490687164821122 11
1561958418244 0.09056892494360606 12
1561958418264 0.08632276079848282 13
1561958418281 0.0791512543701718 14
1561958418296 0.07968952627772959 15
1561958418312 0.0750258431220666 16
1561958418329 0.076998926508121 17
1561958418351 0.06566557884216309 18
1561958418366 0.07105575717593494 19
1561958418381 0.06901060516635577 20
1561958418396 0.06375763104542305 21
1561958418411 0.061394644343954884 22
1561958418427 0.06288135598103205 23
1561958418443 0.05771949201038009 24
1561958418459 0.058165315443124525 25
1561958418474 0.05775514369209608 26
1561958418485 0.05179544984020738 27
1561958418495 0.05291038751602173 28
1561958418504 0.05628885261905499 29
1561958418513 0.05175047380547238 30
1561958418522 0.05598643886992055 31
1561958418531 0.05212550769504319 32
1561958418540 0.04974177282335412 33
1561958418550 0.04681438083449999 34
1561958418559 0.0497854977973506 35
1561958418568 0.048927381730232485 36
1561958418577 0.051166834767188946 37
1561958418587 0.047070508698622386 38
1561958418596 0.048600448426185994 39
1561958418605 0.04712818885842959 40
1561958418614 0.04255747105599495 41
1561958418623 0.043600489695866905 42
1561958418632 0.04451815459208611 43
1561958418641 0.04555247823397319 44
1561958418651 0.046032914525678016 45
1561958418660 0.04291011170189605 46
1561958418669 0.04397651011872496 47
1561958418678 0.040401438808339275 48
1561958418688 0.04423683595198851 49
