1561944284857 0.14390000052452087 0
1561944284866 0.5951999968528747 1
1561944284875 0.742099995136261 2
1561944284884 0.8069999984741211 3
1561944284893 0.8439999976158142 4
1561944284902 0.8732999959945679 5
1561944284911 0.8919000016212464 6
1561944284921 0.9029000008583069 7
1561944284930 0.9107000030517578 8
1561944284939 0.9180000040054321 9
1561944284948 0.9252999960899353 10
1561944284957 0.9279000018119812 11
1561944284966 0.9347999967575074 12
1561944284975 0.9410999963760376 13
1561944284984 0.9437999974250794 14
1561944284993 0.9474000049591065 15
1561944285002 0.950300001335144 16
1561944285011 0.953600003528595 17
1561944285021 0.9561000027656555 18
1561944285030 0.9571000005722046 19
1561944285039 0.9614999958992004 20
1561944285048 0.9630000052452088 21
1561944285057 0.9659999995231628 22
1561944285066 0.9673000030517578 23
1561944285077 0.9711000026702881 24
1561944285087 0.9716000022888184 25
1561944285096 0.9741999976158142 26
1561944285106 0.9743999979972839 27
1561944285115 0.9742000022888183 28
1561944285125 0.9758000047683716 29
1561944285134 0.9775999947547913 30
1561944285143 0.9800999972343445 31
1561944285153 0.9794000004768372 32
1561944285162 0.9805000022888184 33
1561944285172 0.982899995803833 34
1561944285182 0.9842999982833862 35
1561944285191 0.9840000000953675 36
1561944285201 0.9854000019073487 37
1561944285210 0.9876000029563904 38
1561944285219 0.9865000015258789 39
1561944285229 0.9876999946594238 40
1561944285238 0.9876999954223633 41
1561944285247 0.9876000011444092 42
1561944285257 0.9890000011444092 43
1561944285266 0.9902000011444092 44
1561944285276 0.9898000025749206 45
1561944285285 0.9913000043869018 46
1561944285294 0.9910999975204468 47
1561944285304 0.9925000021934509 48
1561944285313 0.9929999975204468 49
1561944285323 0.9917000025749206 50
1561944285332 0.9931000040054321 51
1561944285341 0.993000002193451 52
1561944285351 0.9944000050544739 53
1561944285360 0.9944999989509582 54
1561944285369 0.9938999975204468 55
1561944285379 0.9943000050544739 56
1561944285388 0.995000002193451 57
1561944285397 0.994000002193451 58
1561944285407 0.9951000003814697 59
1561944285416 0.9962999989509582 60
1561944285426 0.9957000003814698 61
1561944285435 0.9962999989509582 62
1561944285444 0.9962000032424927 63
1561944285454 0.9961000018119812 64
1561944285464 0.9971000018119812 65
1561944285473 0.9972000050544739 66
1561944285482 0.9972000050544739 67
1561944285492 0.9968000018119813 68
1561944285501 0.9977000018119812 69
1561944285511 0.9972000003814697 70
1561944285520 0.9974999971389771 71
1561944285530 0.9971000032424927 72
1561944285539 0.9978000018119813 73
1561944285549 0.9971000018119812 74
1561944285558 0.9976000018119812 75
1561944285567 0.9974000018119812 76
1561944285577 0.9978000046730041 77
1561944285586 0.9983000032424927 78
1561944285596 0.9976000032424927 79
1561944285605 0.9987999985694885 80
1561944285615 0.9983000032424927 81
1561944285624 0.9985000032424927 82
1561944285633 0.9976000046730041 83
1561944285643 0.9985000032424927 84
1561944285652 0.9983999971389771 85
1561944285662 0.9986999971389771 86
1561944285671 0.9984000003814697 87
1561944285681 0.9986999985694885 88
1561944285690 0.999 89
1561944285700 0.9993 90
1561944285709 0.9988000018119813 91
1561944285719 0.9988000046730041 92
1561944285728 0.9988000032424926 93
1561944285738 0.9985000032424927 94
1561944285747 0.9990000046730042 95
1561944285757 0.9988000046730041 96
1561944285766 0.9995000046730041 97
1561944285776 0.9986000032424927 98
1561944285786 0.9985999985694886 99
1561944285795 0.9995 100
1561944285804 0.9994000032424927 101
1561944285814 0.9995 102
1561944285824 0.9991999985694885 103
1561944285834 0.9993 104
1561944285843 0.9990999985694885 105
1561944285852 0.9991 106
1561944285862 0.9993 107
1561944285871 0.9993000046730042 108
1561944285881 0.999099997138977 109
1561944285890 0.9997000046730041 110
1561944285899 0.9995000046730041 111
1561944285909 0.9999 112
1561944285918 0.9997000046730041 113
1561944285928 0.9998 114
1561944285938 0.9996000046730041 115
1561944285947 0.9996 116
1561944285956 0.9996000046730041 117
1561944285966 0.9994 118
1561944285976 0.9996999985694885 119
1561944285985 0.9997 120
1561944285995 0.9997 121
1561944286004 0.9993999985694886 122
1561944286014 0.9993 123
1561944286023 0.9997 124
1561944286033 0.9998000046730041 125
1561944286042 0.9997 126
1561944286052 0.9995000046730041 127
1561944286061 0.9997000046730041 128
1561944286071 0.9993999985694886 129
1561944286082 0.9999 130
1561944286091 0.9993 131
1561944286101 0.9997 132
1561944286110 1.0 133
1561944286119 0.9996000032424927 134
1561944286129 0.9996 135
1561944286139 0.9997 136
1561944286148 1.0 137
1561944286157 0.9998 138
1561944286167 0.9998 139
1561944286176 0.9996000046730041 140
1561944286186 1.0 141
1561944286195 0.9994000046730042 142
1561944286205 0.9998000046730041 143
1561944286214 0.9996000046730041 144
1561944286223 0.9998 145
1561944286233 0.9996 146
1561944286242 0.9998 147
1561944286252 0.9999 148
1561944286261 0.9998 149
1561944286270 0.9997 150
1561944286280 0.9995999985694886 151
1561944286289 0.9997000046730041 152
1561944286299 0.9996000046730041 153
1561944286308 0.9998 154
1561944286317 0.9996000046730041 155
1561944286327 0.9997 156
1561944286336 0.9996000046730041 157
1561944286346 0.9998 158
1561944286355 0.9998 159
1561944286365 1.0 160
1561944286374 1.0 161
1561944286383 0.9999 162
1561944286393 0.9999000046730041 163
1561944286402 0.9999000046730041 164
1561944286411 0.9999 165
1561944286421 0.9999 166
1561944286430 0.9998 167
1561944286440 0.9999 168
1561944286449 0.9999 169
1561944286459 0.9995999985694886 170
1561944286468 1.0 171
1561944286478 0.9997000046730041 172
1561944286487 0.9996000032424927 173
1561944286496 0.9998 174
1561944286506 1.0 175
1561944286515 1.0 176
1561944286525 1.0 177
1561944286534 0.9999 178
1561944286544 0.9997 179
1561944286553 0.9999 180
1561944286563 0.9996000046730041 181
1561944286572 1.0 182
1561944286582 1.0 183
1561944286591 1.0 184
1561944286600 0.9998 185
1561944286610 0.9999 186
1561944286620 0.9999 187
1561944286629 0.9998 188
1561944286639 0.9999 189
1561944286648 1.0 190
1561944286657 0.9998 191
1561944286669 1.0 192
1561944286680 0.9999 193
1561944286690 1.0 194
1561944286700 1.0 195
1561944286710 0.9997999985694885 196
1561944286720 1.0 197
1561944286729 1.0 198
1561944286739 0.9999000046730041 199
