1561944286748 -1.5580794637680053 0
1561944286758 -0.5355850406646728 1
1561944286767 -0.27158553066253666 2
1561944286776 -0.1930389451503754 3
1561944286786 -0.1504971131801605 4
1561944286795 -0.1102179130077362 5
1561944286805 -0.08047676062583925 6
1561944286814 -0.06336018066406252 7
1561944286824 -0.056076765060424805 8
1561944286833 -0.047061734986305226 9
1561944286843 -0.037821298646926876 10
1561944286853 -0.03359555470943451 11
1561944286862 -0.023472510933876034 12
1561944286871 -0.020732857203483585 13
1561944286881 -0.014895821070671084 14
1561944286891 -0.012690205240249636 15
1561944286900 -0.012583346772193887 16
1561944286909 -0.008292116665840149 17
1561944286919 -0.0031792467594146667 18
1561944286928 0.0008366174221038913 19
1561944286938 0.007820808911323529 20
1561944286947 0.00748979725837709 21
1561944286957 0.006472679758071892 22
1561944286966 0.003672191345691689 23
1561944286976 0.011835469806194307 24
1561944286986 0.011889136278629309 25
1561944286995 0.01590744781494141 26
1561944287004 0.018111193931102748 27
1561944287014 0.01885560535192489 28
1561944287023 0.01776363688707351 29
1561944287033 0.020249692749977108 30
1561944287043 0.023639334678649898 31
1561944287052 0.027183310699462893 32
1561944287062 0.0286136621594429 33
1561944287071 0.028972719430923458 34
1561944287083 0.03122786190509795 35
1561944287093 0.03076847376823426 36
1561944287103 0.032441448640823364 37
1561944287112 0.03366730151176453 38
1561944287122 0.03558748911619186 39
1561944287132 0.03556325498819351 40
1561944287141 0.0342646446943283 41
1561944287151 0.03525277721881867 42
1561944287161 0.035945710611343384 43
1561944287170 0.03587546103000641 44
1561944287180 0.037471103900671 45
1561944287190 0.03831964361071587 46
1561944287199 0.03980369409322738 47
1561944287209 0.04005428943634033 48
1561944287218 0.03835468107461929 49
1561944287228 0.036563925808668137 50
1561944287238 0.040820420497655864 51
1561944287247 0.039808783829212185 52
1561944287257 0.04198959060907363 53
1561944287266 0.04313627566099167 54
1561944287276 0.04221314391493797 55
1561944287286 0.04362764399647713 56
1561944287295 0.04124956268072129 57
1561944287305 0.042981279385089874 58
1561944287315 0.04345021263360977 59
1561944287324 0.04527302542328834 60
1561944287334 0.04569056434631348 61
1561944287344 0.044751123321056366 62
1561944287353 0.04348254361450672 63
1561944287363 0.045009970983862876 64
1561944287372 0.0465746153742075 65
1561944287382 0.04614001766443253 66
1561944287392 0.04596003046929836 67
1561944287402 0.04515578774809837 68
1561944287411 0.04859717781543731 69
1561944287421 0.04734982412159443 70
1561944287431 0.04676851127147674 71
1561944287440 0.04595275944769382 72
1561944287450 0.04770081044137477 73
1561944287460 0.04626404698789119 74
1561944287469 0.04892335626482963 75
1561944287479 0.047977534937858585 76
1561944287489 0.04856549135446548 77
1561944287499 0.048334756931662566 78
1561944287509 0.047529154562950135 79
1561944287519 0.04900497884452343 80
1561944287529 0.04939047406315804 81
1561944287539 0.05068763697743417 82
1561944287548 0.04883028889000415 83
1561944287558 0.05090317332446574 84
1561944287568 0.05074187676608562 85
1561944287577 0.05071662274301053 86
1561944287587 0.050423744776844984 87
1561944287597 0.05022934298813343 88
1561944287607 0.05059074470847845 89
1561944287616 0.05266306624561548 90
1561944287626 0.05202189844548702 91
1561944287636 0.051550356118381026 92
1561944287646 0.051504783371090886 93
1561944287656 0.051573656240105625 94
1561944287665 0.05084206363260746 95
1561944287675 0.04914507340043783 96
1561944287685 0.050049636766314506 97
1561944287695 0.05022062980085611 98
1561944287704 0.05160102018862964 99
1561944287714 0.05276922739297152 100
1561944287724 0.05262268248200416 101
1561944287734 0.053323428143560885 102
1561944287743 0.052898561830818654 103
1561944287753 0.05260601063370704 104
1561944287763 0.051661922451853755 105
1561944287772 0.051838325913250445 106
1561944287782 0.051741326220333575 107
1561944287792 0.05146887566000224 108
1561944287802 0.05224646469652652 109
1561944287812 0.052488638256490236 110
1561944287822 0.0523937104433775 111
1561944287831 0.053224427877366545 112
1561944287842 0.05242131070643663 113
1561944287852 0.0527787296935916 114
1561944287861 0.05201432642191649 115
1561944287871 0.052804979303479195 116
1561944287881 0.05302020420283079 117
1561944287891 0.0536139197319746 118
1561944287900 0.05343381916135549 119
1561944287910 0.05396479836702347 120
1561944287920 0.052460257775336507 121
1561944287930 0.05283836660385132 122
1561944287940 0.05281140627712012 123
1561944287949 0.053930007817596194 124
1561944287959 0.05364128861278295 125
1561944287969 0.05403465770184994 126
1561944287979 0.053858350632339715 127
1561944287989 0.054761066149920226 128
1561944287998 0.05351591354161501 129
1561944288008 0.05384524434953928 130
1561944288018 0.053752594543993476 131
1561944288028 0.054322237539291385 132
1561944288037 0.05463052555918693 133
1561944288047 0.05393344356566668 134
1561944288057 0.05377893493026495 135
1561944288067 0.054507728734612466 136
1561944288080 0.055071609636396165 137
1561944288092 0.05452813751325011 138
1561944288103 0.05450639099478721 139
1561944288115 0.054413837956637144 140
1561944288126 0.05530733831599355 141
1561944288137 0.05535558507964015 142
1561944288148 0.054811724675446746 143
1561944288159 0.053824737721681594 144
1561944288170 0.0539447522751987 145
1561944288181 0.05338652753680945 146
1561944288192 0.053631294282525784 147
1561944288203 0.0543349124006927 148
1561944288214 0.054504839274287224 149
1561944288225 0.054643815409392116 150
1561944288236 0.0551502226524055 151
1561944288247 0.05531735452413559 152
1561944288258 0.05577305227294564 153
1561944288269 0.054746091064065694 154
1561944288280 0.05459006376862526 155
1561944288291 0.05612942567244172 156
1561944288302 0.05619601273685694 157
1561944288313 0.05613195321112871 158
1561944288324 0.05601375587806106 159
1561944288335 0.05610306452661753 160
1561944288346 0.05609890350326896 161
1561944288357 0.05619761127606034 162
1561944288368 0.05607855593636632 163
1561944288379 0.057107172797620294 164
1561944288390 0.05677873436138034 165
1561944288400 0.05584097035452723 166
1561944288410 0.05538822618126869 167
1561944288420 0.05496458001509309 168
1561944288430 0.05380748050808906 169
1561944288440 0.05500018983706832 170
1561944288450 0.05635835865139961 171
1561944288459 0.05554557117447257 172
1561944288469 0.05492715293392539 173
1561944288479 0.05488384472727775 174
1561944288489 0.05532622380405665 175
1561944288499 0.05519552906304598 176
1561944288509 0.056365696441382174 177
1561944288519 0.05725264556407929 178
1561944288529 0.05716260654851794 179
1561944288539 0.05633758445233107 180
1561944288549 0.05535048926919699 181
1561944288559 0.05554657438993454 182
1561944288569 0.05633387566134334 183
1561944288579 0.056462850816547866 184
1561944288589 0.05687448630928993 185
1561944288598 0.05665627962946892 186
1561944288608 0.0560088692612946 187
1561944288618 0.05611626661717892 188
1561944288628 0.056488065658882265 189
1561944288638 0.056712214598059654 190
1561944288648 0.057087473266199236 191
1561944288658 0.05741564570479095 192
1561944288668 0.057344808627292514 193
1561944288678 0.05741221036016941 194
1561944288688 0.05750048556774855 195
1561944288698 0.05737301822528243 196
1561944288708 0.057617692434042696 197
1561944288718 0.05776968803107738 198
1561944288728 0.057164629303663964 199
