1561944283099 2.726245728302002 0
1561944283108 1.2416999183654784 1
1561944283116 0.8262876051902771 2
1561944283125 0.6400895711898804 3
1561944283134 0.5232055871009826 4
1561944283142 0.4397548411846161 5
1561944283151 0.38492659997940065 6
1561944283159 0.34863846402168275 7
1561944283168 0.3218809225559235 8
1561944283176 0.29459184713363645 9
1561944283185 0.2695385162115097 10
1561944283194 0.2538471394777298 11
1561944283202 0.23410961592197418 12
1561944283211 0.22171976289749146 13
1561944283220 0.204325372672081 14
1561944283228 0.18958522894382476 15
1561944283237 0.1796080517053604 16
1561944283246 0.16804514088630676 17
1561944283254 0.15898802599906922 18
1561944283263 0.1529419939994812 19
1561944283272 0.14405989084243775 20
1561944283280 0.1370703058004379 21
1561944283289 0.13003010425567627 22
1561944283297 0.12740438059568404 23
1561944283306 0.11555136296749115 24
1561944283315 0.11349798003435135 25
1561944283323 0.1074106216430664 26
1561944283332 0.10257176574468613 27
1561944283340 0.09860798783302308 28
1561944283349 0.09597693926095963 29
1561944283357 0.09034852432012558 30
1561944283366 0.08587155973911285 31
1561944283375 0.08278720610141754 32
1561944283383 0.07954807766675949 33
1561944283392 0.07587694448232651 34
1561944283401 0.07155996850728989 35
1561944283409 0.0705652452468872 36
1561944283418 0.06664263575077056 37
1561944283426 0.06477135607004166 38
1561944283435 0.06205061812400818 39
1561944283444 0.05940626939535141 40
1561944283452 0.058817960965633395 41
1561944283461 0.05641580593585968 42
1561944283470 0.054133676278591156 43
1561944283478 0.052541030955314635 44
1561944283487 0.04954241097569466 45
1561944283495 0.048621987825632096 46
1561944283504 0.04761504081487656 47
1561944283513 0.04498622270822525 48
1561944283521 0.04372388917207718 49
1561944283530 0.04426558398604393 50
1561944283539 0.03978629166483879 51
1561944283547 0.040958159923553464 52
1561944283556 0.0382731528043747 53
1561944283565 0.036217149066925046 54
1561944283573 0.03671497818827629 55
1561944283582 0.033803149527311324 56
1561944283591 0.034700955510139464 57
1561944283599 0.03268750463724136 58
1561944283608 0.03266185882091522 59
1561944283617 0.030947802156209944 60
1561944283625 0.029651565659046173 61
1561944283634 0.029038894879817964 62
1561944283643 0.029247962030768394 63
1561944283651 0.027606527844071388 64
1561944283660 0.02625132928788662 65
1561944283669 0.026406979107856752 66
1561944283677 0.025652798023819923 67
1561944283686 0.026721152800321578 68
1561944283695 0.02332878212928772 69
1561944283703 0.024201556810736657 70
1561944283712 0.023557650291919707 71
1561944283721 0.022924532589316367 72
1561944283729 0.02072922252714634 73
1561944283738 0.0226459125071764 74
1561944283747 0.020882873445749284 75
1561944283755 0.021693596255779265 76
1561944283764 0.02038457944393158 77
1561944283773 0.019684522548317908 78
1561944283781 0.020051222360134124 79
1561944283790 0.018775831988453864 80
1561944283799 0.018951757150888444 81
1561944283807 0.017569127732515333 82
1561944283816 0.01846538024842739 83
1561944283825 0.01662966859638691 84
1561944283834 0.017057520344853402 85
1561944283842 0.016613005605340004 86
1561944283851 0.0161944212526083 87
1561944283860 0.016046400198340416 88
1561944283869 0.015997775639593603 89
1561944283877 0.014359685085713864 90
1561944283886 0.014925081971287727 91
1561944283895 0.014840675146877766 92
1561944283903 0.014368934592604637 93
1561944283912 0.013973726293444634 94
1561944283921 0.013566595527529717 95
1561944283930 0.014463770432770253 96
1561944283938 0.013457073137164115 97
1561944283947 0.013754308472573758 98
1561944283956 0.013076799629628658 99
1561944283965 0.011978096745908261 100
1561944283974 0.011801697403192521 101
1561944283982 0.01098329455703497 102
1561944283991 0.01138274938315153 103
1561944284000 0.011320034784078599 104
1561944284008 0.011494343909621238 105
1561944284017 0.010861535046994686 106
1561944284026 0.010775402091443538 107
1561944284035 0.011529732720553874 108
1561944284043 0.01111054349243641 109
1561944284052 0.010424622292816639 110
1561944284061 0.010514949163794517 111
1561944284070 0.009468525053560734 112
1561944284081 0.00994340647906065 113
1561944284090 0.009441636724770068 114
1561944284099 0.009831526519358157 115
1561944284108 0.00906665172278881 116
1561944284117 0.009270335926115513 117
1561944284126 0.008850735101103782 118
1561944284134 0.0087843319311738 119
1561944284143 0.008223079705238343 120
1561944284152 0.00924539854452014 121
1561944284161 0.008625679188966751 122
1561944284170 0.008758184112608433 123
1561944284179 0.007835064021497964 124
1561944284187 0.008150397504866123 125
1561944284196 0.007708620414137841 126
1561944284205 0.008103078904002905 127
1561944284214 0.007322379071265459 128
1561944284223 0.008163535539805889 129
1561944284232 0.007665573088824749 130
1561944284241 0.00794389014095068 131
1561944284250 0.007528696668148041 132
1561944284259 0.007156803876161575 133
1561944284268 0.007524649541079998 134
1561944284277 0.0074315100863575935 135
1561944284286 0.006990718773007393 136
1561944284295 0.0066367966033518315 137
1561944284304 0.006589329145103693 138
1561944284313 0.006327753657102585 139
1561944284322 0.006622587425261736 140
1561944284330 0.006207251142710447 141
1561944284339 0.006691576708108187 142
1561944284348 0.006694403963536024 143
1561944284357 0.006514162158966065 144
1561944284366 0.005861219138652086 145
1561944284375 0.006169838489592076 146
1561944284384 0.006094759164005518 147
1561944284393 0.005830712426453829 148
1561944284402 0.006057591465115547 149
1561944284411 0.006372740555554628 150
1561944284420 0.0059325231678783895 151
1561944284429 0.005833625054359436 152
1561944284438 0.005495166601985693 153
1561944284447 0.005630254719406366 154
1561944284455 0.005965645205974579 155
1561944284464 0.005384862127155066 156
1561944284473 0.005314979372918606 157
1561944284482 0.005199970929324627 158
1561944284491 0.0053285037077963355 159
1561944284500 0.0048484335348010065 160
1561944284508 0.004681985441595316 161
1561944284518 0.004821179773658514 162
1561944284527 0.005329944436997175 163
1561944284536 0.004785777886211872 164
1561944284544 0.0047294573135674 165
1561944284553 0.004934356702119112 166
1561944284562 0.004477067083120346 167
1561944284571 0.004365014656633139 168
1561944284580 0.005422799980640412 169
1561944284589 0.004904067013412714 170
1561944284597 0.00434403383731842 171
1561944284606 0.004794476393610239 172
1561944284616 0.0046092714942991735 173
1561944284625 0.004662903016805648 174
1561944284634 0.004270459787547589 175
1561944284642 0.004619727800786495 176
1561944284651 0.004295863229781389 177
1561944284660 0.004462351101636886 178
1561944284669 0.004636137086898089 179
1561944284678 0.004266348971426487 180
1561944284687 0.004335557271540165 181
1561944284696 0.003990893864631652 182
1561944284705 0.0037604576893150807 183
1561944284714 0.004244868151843548 184
1561944284723 0.00400673269033432 185
1561944284732 0.003935207688808441 186
1561944284741 0.004046994774788618 187
1561944284749 0.003916006943583489 188
1561944284759 0.004014190496131778 189
1561944284767 0.0038930201441049576 190
1561944284776 0.003571768320724368 191
1561944284785 0.0034780834157019853 192
1561944284794 0.0037241280186921357 193
1561944284803 0.003753662958741188 194
1561944284812 0.0033336252883076666 195
1561944284821 0.0033744993902742864 196
1561944284830 0.003241518623381853 197
1561944284839 0.003288943776488304 198
1561944284848 0.003882584846764803 199
