1561882581892 0.9676 0
1561882581900 0.9861666666666666 1
1561882581907 0.9902833333333333 2
1561882581915 0.9931333333333333 3
1561882581923 0.9936833333333334 4
1561882581930 0.995 5
1561882581938 0.9965 6
1561882581945 0.9969833333333333 7
1561882581953 0.9976666666666667 8
1561882581960 0.9972333333333333 9
1561882581968 0.9983166666666666 10
1561882581975 0.9985 11
1561882581983 0.99795 12
1561882581990 0.9981833333333333 13
1561882581998 0.9987166666666667 14
1561882582005 0.9988833333333333 15
1561882582013 0.9991166666666667 16
1561882582021 0.9979 17
1561882582028 0.9991666666666666 18
1561882582036 0.9990666666666667 19
