1561882581731 0.10859574612428745 0
1561882581741 0.044457733591025075 1
1561882581750 0.031495631334868573 2
1561882581759 0.021597962695236006 3
1561882581768 0.019506486229365693 4
1561882581777 0.015380080052581615 5
1561882581786 0.011346572573537318 6
1561882581794 0.009596839336325259 7
1561882581802 0.007351502772855262 8
1561882581810 0.008269271382150086 9
1561882581817 0.00538603530076216 10
1561882581825 0.00496632661682961 11
1561882581832 0.005748392416894785 12
1561882581840 0.005926621653790062 13
1561882581847 0.003993267281222021 14
1561882581855 0.003868467218574612 15
1561882581862 0.0027632085992236777 16
1561882581870 0.005950845030946948 17
1561882581877 0.0024843831859691513 18
1561882581885 0.0024258860069436197 19
