1561887365528 0.7512166666666666 0
1561887365536 0.8715333333333334 1
1561887365544 0.8920166666666667 2
1561887365551 0.9030333333333334 3
1561887365559 0.91275 4
1561887365567 0.91545 5
1561887365575 0.9207 6
1561887365582 0.923 7
1561887365590 0.9275166666666667 8
1561887365598 0.9267333333333333 9
1561887365606 0.9299666666666667 10
1561887365613 0.9309166666666666 11
1561887365621 0.9328166666666666 12
1561887365629 0.9337 13
1561887365636 0.93605 14
1561887365644 0.9350666666666667 15
1561887365652 0.9361833333333334 16
1561887365660 0.93985 17
1561887365667 0.94155 18
1561887365675 0.9396333333333333 19
