1561887365369 0.8230589824199677 0
1561887365377 0.4250176244576772 1
1561887365387 0.35185894331932066 2
1561887365396 0.319483353416125 3
1561887365404 0.2904847752332687 4
1561887365413 0.2761942226171494 5
1561887365421 0.25857734575271607 6
1561887365429 0.25400853840907417 7
1561887365436 0.23734236746231716 8
1561887365444 0.23835212123394012 9
1561887365452 0.2306745042204857 10
1561887365459 0.22842321005662283 11
1561887365467 0.22268167912165324 12
1561887365475 0.21787932636737822 13
1561887365482 0.21256034702857335 14
1561887365490 0.21605447023312252 15
1561887365498 0.21348428080479304 16
1561887365505 0.19956651756763458 17
1561887365513 0.19750716320474943 18
1561887365521 0.20185086446205774 19
