1561886164860 0.90655 0
1561886164868 0.9629333333333333 1
1561886164876 0.9706333333333333 2
1561886164884 0.9733833333333334 3
1561886164892 0.9768 4
1561886164899 0.9786666666666667 5
1561886164907 0.9808333333333333 6
1561886164916 0.9819333333333333 7
1561886164924 0.9823666666666667 8
1561886164931 0.9823 9
1561886164939 0.9843833333333334 10
1561886164947 0.9855333333333334 11
1561886164955 0.9865666666666667 12
1561886164964 0.9860833333333333 13
1561886164971 0.9860666666666666 14
1561886164979 0.9874 15
1561886164987 0.9871166666666666 16
1561886164995 0.9871833333333333 17
1561886165004 0.9890333333333333 18
1561886165012 0.9893166666666666 19
