1561886164696 0.3414016032059987 0
1561886164705 0.13189613589843113 1
1561886164713 0.10376090891212225 2
1561886164721 0.09276645536447564 3
1561886164730 0.08016429001837969 4
1561886164739 0.07051129216104746 5
1561886164747 0.06436206810325384 6
1561886164756 0.06197237423658371 7
1561886164764 0.05759313167743385 8
1561886164772 0.05810295891383042 9
1561886164780 0.05277365382028123 10
1561886164788 0.04781297006495297 11
1561886164796 0.04442858461203675 12
1561886164804 0.0430740972591564 13
1561886164812 0.04545443276154498 14
1561886164820 0.04080964021030813 15
1561886164828 0.03963537320674707 16
1561886164836 0.04056752878918002 17
1561886164844 0.035663238165527585 18
1561886164852 0.03444154096258183 19
