1561941660339 0.10019999742507935 0
1561941660348 0.4124000072479248 1
1561941660358 0.5709999799728394 2
1561941660368 0.6852999925613403 3
1561941660377 0.7494999766349792 4
1561941660388 0.7901999950408936 5
1561941660397 0.8075000047683716 6
1561941660407 0.8363000154495239 7
1561941660415 0.8514999747276306 8
1561941660424 0.868399977684021 9
1561941660433 0.878600001335144 10
1561941660442 0.8902999758720398 11
1561941660451 0.89410001039505 12
1561941660460 0.902400016784668 13
1561941660469 0.9054999947547913 14
1561941660479 0.9115999937057495 15
1561941660487 0.9164000153541565 16
1561941660496 0.921500027179718 17
1561941660506 0.9261000156402588 18
1561941660514 0.9298999905586243 19
1561941660524 0.9319999814033508 20
1561941660534 0.9348000288009644 21
1561941660542 0.9369999766349792 22
1561941660552 0.9383000135421753 23
1561941660561 0.9448000192642212 24
1561941660570 0.9455999732017517 25
1561941660579 0.9476000070571899 26
1561941660588 0.9508000016212463 27
1561941660598 0.9514999985694885 28
1561941660608 0.9556999802589417 29
1561941660617 0.95660001039505 30
1561941660627 0.9567999839782715 31
1561941660636 0.9599000215530396 32
1561941660645 0.9625999927520752 33
1561941660654 0.9643999934196472 34
1561941660663 0.9629999995231628 35
1561941660672 0.963699996471405 36
1561941660681 0.9682000279426575 37
1561941660690 0.9678999781608582 38
1561941660699 0.97079998254776 39
1561941660708 0.9721999764442444 40
1561941660716 0.9717000126838684 41
1561941660726 0.9706000089645386 42
1561941660735 0.9724000096321106 43
1561941660744 0.9746000170707703 44
1561941660753 0.9753000140190125 45
1561941660762 0.9765999913215637 46
1561941660771 0.9753999710083008 47
1561941660780 0.9764000177383423 48
1561941660789 0.9789000153541565 49
1561941660798 0.9786999821662903 50
1561941660807 0.9807000160217285 51
1561941660816 0.9803000092506409 52
1561941660825 0.98089998960495 53
1561941660834 0.9815999865531921 54
1561941660843 0.9815999865531921 55
1561941660852 0.98089998960495 56
1561941660861 0.9822999835014343 57
1561941660870 0.9829999804496765 58
1561941660879 0.9835000038146973 59
1561941660888 0.9850000143051147 60
1561941660897 0.98580002784729 61
1561941660906 0.9847000241279602 62
1561941660915 0.9872000217437744 63
1561941660926 0.9868000149726868 64
1561941660935 0.9876000285148621 65
1561941660944 0.988099992275238 66
1561941660954 0.9879999756813049 67
1561941660963 0.9872999787330627 68
1561941660972 0.9876999855041504 69
1561941660980 0.9901999831199646 70
1561941660990 0.9901999831199646 71
1561941660999 0.9898999929428101 72
1561941661009 0.9904999732971191 73
1561941661018 0.9898999929428101 74
1561941661028 0.9914000034332275 75
1561941661037 0.9914000034332275 76
1561941661047 0.991599977016449 77
1561941661057 0.9922000169754028 78
1561941661066 0.9926000237464905 79
1561941661078 0.9918000102043152 80
1561941661093 0.9921000003814697 81
1561941661102 0.9939000010490417 82
1561941661112 0.9930999875068665 83
1561941661121 0.9930999875068665 84
1561941661130 0.9937000274658203 85
1561941661139 0.9932000041007996 86
1561941661148 0.9930999875068665 87
1561941661157 0.9944999814033508 88
1561941661166 0.9950000047683716 89
1561941661175 0.9943000078201294 90
1561941661184 0.9951000213623047 91
1561941661193 0.9937999844551086 92
1561941661202 0.9941999912261963 93
1561941661211 0.9958000183105469 94
1561941661220 0.9961000084877014 95
1561941661229 0.9954000115394592 96
1561941661239 0.9961000084877014 97
1561941661248 0.9955000281333923 98
1561941661257 0.9970999956130981 99
