1561941659386 2.729490280151367 0
1561941659395 1.7476091384887695 1
1561941659404 1.3124256134033203 2
1561941659412 1.0259207487106323 3
1561941659421 0.8365721702575684 4
1561941659429 0.7151574492454529 5
1561941659444 0.6378584504127502 6
1561941659455 0.5578921437263489 7
1561941659465 0.507745623588562 8
1561941659473 0.46125277876853943 9
1561941659485 0.428067684173584 10
1561941659494 0.3943667411804199 11
1561941659502 0.37030237913131714 12
1561941659511 0.346561074256897 13
1561941659520 0.33275479078292847 14
1561941659528 0.30874863266944885 15
1561941659536 0.2971889078617096 16
1561941659545 0.28373026847839355 17
1561941659553 0.26302456855773926 18
1561941659564 0.25620579719543457 19
1561941659572 0.23921187222003937 20
1561941659581 0.23369142413139343 21
1561941659590 0.22183345258235931 22
1561941659602 0.2180425077676773 23
1561941659610 0.20284903049468994 24
1561941659619 0.19985179603099823 25
1561941659630 0.190843865275383 26
1561941659641 0.18282993137836456 27
1561941659649 0.17705336213111877 28
1561941659658 0.16986924409866333 29
1561941659667 0.16096319258213043 30
1561941659676 0.15912766754627228 31
1561941659685 0.15106520056724548 32
1561941659694 0.14475767314434052 33
1561941659703 0.14386709034442902 34
1561941659712 0.13651777803897858 35
1561941659721 0.13491372764110565 36
1561941659731 0.12905439734458923 37
1561941659740 0.12347710877656937 38
1561941659749 0.11725887656211853 39
1561941659762 0.1158672347664833 40
1561941659773 0.11395051330327988 41
1561941659781 0.11309907585382462 42
1561941659791 0.10824011266231537 43
1561941659802 0.10174641013145447 44
1561941659812 0.09962059557437897 45
1561941659821 0.09793537110090256 46
1561941659830 0.09558755904436111 47
1561941659840 0.09270736575126648 48
1561941659849 0.08801726996898651 49
1561941659862 0.08824824541807175 50
1561941659872 0.08520138263702393 51
1561941659881 0.08292313665151596 52
1561941659896 0.07954957336187363 53
1561941659904 0.0791800320148468 54
1561941659916 0.07659544795751572 55
1561941659934 0.07681364566087723 56
1561941659952 0.07127348333597183 57
1561941659961 0.07127237319946289 58
1561941659970 0.06880643218755722 59
1561941659978 0.06732688099145889 60
1561941659987 0.06432902812957764 61
1561941659997 0.063381627202034 62
1561941660007 0.06276463717222214 63
1561941660016 0.06041676178574562 64
1561941660025 0.05906294658780098 65
1561941660034 0.05892540141940117 66
1561941660043 0.056199513375759125 67
1561941660052 0.05624235048890114 68
1561941660062 0.055852197110652924 69
1561941660071 0.051480334252119064 70
1561941660082 0.0524754524230957 71
1561941660091 0.05046325549483299 72
1561941660099 0.04907212033867836 73
1561941660108 0.04765140265226364 74
1561941660117 0.04606514796614647 75
1561941660126 0.04501255974173546 76
1561941660135 0.04460877552628517 77
1561941660143 0.04254893213510513 78
1561941660152 0.04313144087791443 79
1561941660161 0.041827209293842316 80
1561941660170 0.04175608977675438 81
1561941660178 0.040767181664705276 82
1561941660187 0.03983072564005852 83
1561941660196 0.038545772433280945 84
1561941660204 0.03626013919711113 85
1561941660213 0.03773045167326927 86
1561941660222 0.03613279014825821 87
1561941660231 0.03433362394571304 88
1561941660240 0.033827219158411026 89
1561941660248 0.03322205692529678 90
1561941660258 0.03231954574584961 91
1561941660267 0.03464555740356445 92
1561941660276 0.03287844359874725 93
1561941660285 0.031004730612039566 94
1561941660294 0.030641594901680946 95
1561941660303 0.03044881671667099 96
1561941660312 0.029543478041887283 97
1561941660321 0.02921147085726261 98
1561941660330 0.027578115463256836 99
