1561933281758 0.822399999777476 0
1561933281766 0.950549999777476 1
1561933281774 0.9664166665395101 2
1561933281782 0.9723499999364217 3
1561933281790 0.9759833330472311 4
1561933281798 0.9785999998728434 5
1561933281805 0.9810333335558573 6
1561933281813 0.9826833334922791 7
1561933281821 0.9841833333015442 8
1561933281829 0.9851666666030884 9
1561933281837 0.9866500000317892 10
1561933281844 0.9867999998410543 11
1561933281852 0.9880333331743876 12
1561933281860 0.9884833331108094 13
1561933281868 0.9896333333969116 14
1561933281876 0.9899500000317891 15
1561933281884 0.9895666663805643 16
1561933281892 0.9903333332379659 17
1561933281899 0.9916500001907349 18
1561933281907 0.9916000002543132 19
1561933281915 0.9919333331743876 20
1561933281923 0.991899999777476 21
1561933281931 0.9930166668574015 22
1561933281938 0.9933833333969116 23
1561933281946 0.9935166668574015 24
1561933281954 0.9933999997138977 25
1561933281962 0.9941499997138977 26
1561933281970 0.9939333330472311 27
1561933281978 0.9940499997138977 28
1561933281986 0.9941000001271566 29
1561933281993 0.9945166663805644 30
1561933282001 0.9946166663805643 31
1561933282009 0.9944833334604899 32
1561933282017 0.9951833335240682 33
1561933282025 0.9955166668574015 34
1561933282032 0.9950833335876464 35
1561933282040 0.9947999998410543 36
1561933282048 0.99498333346049 37
1561933282056 0.9956000001907349 38
1561933282064 0.9960666668574015 39
1561933282072 0.9960000001271566 40
1561933282085 0.9962166667938233 41
1561933282093 0.9959333333969116 42
1561933282101 0.9961833333333333 43
1561933282109 0.9961833334604899 44
1561933282116 0.9963833334604899 45
1561933282124 0.9958500002543131 46
1561933282132 0.9961666668574015 47
1561933282140 0.9968666666666667 48
1561933282148 0.9968833333969116 49
1561933282156 0.9968500001907349 50
1561933282164 0.9964000001271566 51
1561933282172 0.9969 52
1561933282180 0.9964833331108093 53
1561933282188 0.9969666667302449 54
1561933282195 0.9967666668574016 55
1561933282203 0.9970000000635783 56
1561933282211 0.9966666668574016 57
1561933282219 0.9973333333969117 58
1561933282227 0.9973833334604899 59
1561933282235 0.9970833335876464 60
1561933282243 0.9970333333969116 61
1561933282251 0.9970166667938233 62
1561933282259 0.9973000000635783 63
1561933282267 0.9974333334604899 64
1561933282274 0.9973833333333333 65
1561933282282 0.9973666663805644 66
1561933282290 0.9972833334604899 67
1561933282298 0.997366666730245 68
1561933282306 0.9975833333969116 69
1561933282314 0.9977000001271565 70
1561933282323 0.997716666730245 71
1561933282331 0.9970833335876464 72
1561933282339 0.9974833333333334 73
1561933282347 0.9977333333969116 74
1561933282355 0.9974833334604899 75
1561933282364 0.9976000001271565 76
1561933282372 0.997366666730245 77
1561933282380 0.9978166668574016 78
1561933282388 0.99755 79
1561933282396 0.9979333333969116 80
1561933282404 0.9978333333333333 81
1561933282412 0.9975500000635783 82
1561933282420 0.9981000000635782 83
1561933282428 0.9979000000635783 84
1561933282435 0.9976000000635783 85
1561933282443 0.9978000001271565 86
1561933282451 0.9980833334604899 87
1561933282459 0.998266666730245 88
1561933282467 0.99765 89
1561933282475 0.9980166666666667 90
1561933282483 0.9978666667302449 91
1561933282491 0.9978500001271565 92
1561933282499 0.9978666666666667 93
1561933282506 0.9981166666666667 94
1561933282514 0.9978833333969116 95
1561933282522 0.9983833333969117 96
1561933282530 0.9980500001907349 97
1561933282538 0.9981166666666667 98
1561933282546 0.9979500002543131 99
