1561933280994 0.6303145345052084 0
1561933281001 0.20327208182811737 1
1561933281009 0.13687442540725073 2
1561933281016 0.11016419483820597 3
1561933281024 0.09297567116816839 4
1561933281031 0.08107715992927551 5
1561933281039 0.07052579975525539 6
1561933281047 0.06476476122339567 7
1561933281054 0.05838981688419978 8
1561933281062 0.05444456801811854 9
1561933281069 0.049942137078444165 10
1561933281080 0.04683572045763334 11
1561933281088 0.0439860063791275 12
1561933281095 0.039985217003027596 13
1561933281103 0.03788941079378128 14
1561933281110 0.03647615915139516 15
1561933281118 0.036082963641484576 16
1561933281126 0.03393247142632802 17
1561933281133 0.03010752605398496 18
1561933281141 0.03028638348976771 19
1561933281148 0.02824886165658633 20
1561933281156 0.027954291890064875 21
1561933281164 0.025340068332354228 22
1561933281171 0.02319487568587065 23
1561933281179 0.023249691143631936 24
1561933281186 0.02215302680929502 25
1561933281194 0.020518528801202775 26
1561933281201 0.020939383667707444 27
1561933281209 0.019932501086592676 28
1561933281217 0.01966704832961162 29
1561933281224 0.01924838575720787 30
1561933281232 0.017423079988360405 31
1561933281239 0.018214543372392655 32
1561933281247 0.01627158525586128 33
1561933281254 0.015447296045720578 34
1561933281262 0.016653821220993997 35
1561933281270 0.01586359707315763 36
1561933281277 0.015447589594125748 37
1561933281285 0.014216241331398488 38
1561933281292 0.013908150366942087 39
1561933281300 0.014091993175943692 40
1561933281307 0.012652742951114973 41
1561933281315 0.013009460336466631 42
1561933281322 0.012560726905614137 43
1561933281330 0.012161840116480986 44
1561933281338 0.011697988444566727 45
1561933281345 0.012955936502416929 46
1561933281353 0.011790241988996664 47
1561933281360 0.010926476489752531 48
1561933281368 0.010807593648384014 49
1561933281375 0.010471229715148607 50
1561933281383 0.010665034209688505 51
1561933281391 0.010089684648190935 52
1561933281398 0.010510799012581507 53
1561933281406 0.009926585533718267 54
1561933281413 0.01022268580198288 55
1561933281421 0.009443894053250551 56
1561933281429 0.010138289821147919 57
1561933281436 0.009037765309462945 58
1561933281444 0.008408788329362869 59
1561933281451 0.009484327005346616 60
1561933281459 0.008874869297444821 61
1561933281467 0.009355955066780249 62
1561933281474 0.008482126858085394 63
1561933281482 0.008124007682502269 64
1561933281490 0.00827440906142195 65
1561933281497 0.008636888030171394 66
1561933281505 0.00858067610313495 67
1561933281513 0.008550958277533452 68
1561933281520 0.007962406930327416 69
1561933281528 0.007689668214817842 70
1561933281536 0.007375173316150904 71
1561933281543 0.009041036529342333 72
1561933281551 0.0072806277800351385 73
1561933281558 0.006992126693079869 74
1561933281566 0.007574633001287778 75
1561933281574 0.007216480851670106 76
1561933281581 0.00765035172527035 77
1561933281589 0.006714091068506241 78
1561933281597 0.007146838545550903 79
1561933281604 0.007071173925697803 80
1561933281612 0.006406762576724092 81
1561933281620 0.007179643485943477 82
1561933281628 0.006137145213286082 83
1561933281635 0.006883185794701179 84
1561933281643 0.007403222009912133 85
1561933281651 0.006819740690787633 86
1561933281658 0.006784982215364774 87
1561933281666 0.005763259882231553 88
1561933281674 0.007853041826933622 89
1561933281681 0.006111759509394566 90
1561933281689 0.006628286734471718 91
1561933281697 0.006726171125471592 92
1561933281705 0.006568736250201861 93
1561933281712 0.005667191390569011 94
1561933281720 0.00585484291613102 95
1561933281728 0.005409079428762197 96
1561933281736 0.006024582407375177 97
1561933281743 0.006028865872261425 98
1561933281751 0.006086688004434109 99
