1561885219341 0.8084500002543131 0
1561885219350 0.9450666665395101 1
1561885219358 0.9663833333333334 2
1561885219367 0.975233333269755 3
1561885219375 0.979600000222524 4
1561885219384 0.9825500002543132 5
1561885219392 0.985599999777476 6
1561885219401 0.9868666665077209 7
1561885219409 0.9888166664759318 8
1561885219417 0.9894833331743876 9
1561885219425 0.9902999998410543 10
1561885219433 0.991716666507721 11
1561885219441 0.9919166669209798 12
1561885219449 0.9931000002543131 13
1561885219457 0.993383333047231 14
1561885219464 0.9937500001907349 15
1561885219472 0.9946500001907349 16
1561885219480 0.9953500002543132 17
1561885219488 0.9957333334604899 18
1561885219495 0.996266666730245 19
