1561885219172 0.629116095050176 0
1561885219181 0.20065537337462108 1
1561885219189 0.12275709582169851 2
1561885219197 0.09217257350683213 3
1561885219206 0.07453877090613047 4
1561885219214 0.06301739357113838 5
1561885219223 0.052777306886514025 6
1561885219231 0.048028391186396284 7
1561885219240 0.042233147046963376 8
1561885219248 0.03934532556533814 9
1561885219257 0.03565572668115298 10
1561885219265 0.03220041813850403 11
1561885219274 0.030166814585526783 12
1561885219282 0.026196750583251317 13
1561885219290 0.024413878526290258 14
1561885219299 0.022472976817687354 15
1561885219307 0.021280020035306612 16
1561885219316 0.018559907174110414 17
1561885219324 0.016852593072255454 18
1561885219333 0.015906035405397416 19
