1561882662809 0.9648500000317891 0
1561882662817 0.9874666666666667 1
1561882662825 0.9910833333015442 2
1561882662833 0.9938166666348776 3
1561882662841 0.9953666666666666 4
1561882662849 0.9967833333015442 5
1561882662857 0.9977333333333334 6
1561882662865 0.9975666666666667 7
1561882662873 0.9977 8
1561882662881 0.9986333333333334 9
1561882662889 0.9979 10
1561882662897 0.9984833333333333 11
1561882662905 0.99825 12
1561882662913 0.9985666666348775 13
1561882662921 0.9994499999682108 14
1561882662929 0.9987666666666667 15
1561882662937 0.9992166666666666 16
1561882662956 0.9996333333333334 17
1561882662964 0.9984166666666666 18
1561882662973 0.99795 19
