1561882662641 0.11607591700355212 0
1561882662649 0.04046911769211292 1
1561882662658 0.027765806945165 2
1561882662666 0.020059496808797123 3
1561882662675 0.015637205723424752 4
1561882662683 0.010482722433221837 5
1561882662692 0.008210688649055858 6
1561882662700 0.007692799377193054 7
1561882662709 0.007634623263489145 8
1561882662717 0.005084790268881867 9
1561882662726 0.006431956101969506 10
1561882662734 0.005030175066739321 11
1561882662743 0.005756492851643513 12
1561882662751 0.004752334330929443 13
1561882662760 0.0025807726739052062 14
1561882662768 0.003961644603125751 15
1561882662777 0.0029569894625572487 16
1561882662785 0.0017533659999171504 17
1561882662793 0.004877457717839085 18
1561882662801 0.005906039099387514 19
