1561931923292 0.818616667842865 0
1561931923299 0.94623333457311 1
1561931923307 0.9647999993960062 2
1561931923314 0.9737666675249735 3
1561931923322 0.9796500012715658 4
1561931923330 0.9835833333969116 5
1561931923338 0.9866500012397766 6
1561931923345 0.9891499990145365 7
1561931923353 0.9905499990145366 8
1561931923360 0.9921666674296061 9
1561931923368 0.9933833327929179 10
1561931923376 0.9944166677157085 11
1561931923383 0.9951666674296061 12
1561931923391 0.9961499988555909 13
1561931923399 0.9968833334922791 14
1561931923406 0.997500000890096 15
1561931923414 0.9979500001589457 16
1561931923421 0.9985666668256123 17
1561931923429 0.9986833342234294 18
1561931923436 0.9989333345095317 19
1561931923444 0.9992833337783813 20
1561931923452 0.999466667842865 21
1561931923459 0.9996666659355163 22
1561931923467 0.9997666659355163 23
1561931923474 0.9998166666666667 24
1561931923482 0.9998833333333333 25
1561931923490 0.9999333333333333 26
1561931923497 0.9999166659355163 27
1561931923505 0.9999166666666667 28
1561931923512 0.99995 29
1561931923520 0.9999666666666667 30
1561931923528 0.9999833333333333 31
1561931923535 0.9999666666666667 32
1561931923543 0.9999666666666667 33
1561931923550 0.9999833333333333 34
1561931923558 0.999983332602183 35
1561931923565 1.0 36
1561931923573 1.0 37
1561931923581 1.0 38
1561931923588 1.0 39
1561931923596 1.0 40
1561931923604 1.0 41
1561931923611 1.0 42
1561931923619 1.0 43
1561931923627 1.0 44
1561931923634 1.0 45
1561931923642 1.0 46
1561931923649 1.0 47
1561931923657 1.0 48
1561931923665 1.0 49
1561931923672 1.0 50
1561931923680 1.0 51
1561931923688 1.0 52
1561931923695 1.0 53
1561931923703 1.0 54
1561931923711 1.0 55
1561931923718 1.0 56
1561931923726 1.0 57
1561931923734 1.0 58
1561931923741 1.0 59
1561931923749 1.0 60
1561931923757 1.0 61
1561931923764 1.0 62
1561931923772 1.0 63
1561931923780 1.0 64
1561931923787 1.0 65
1561931923795 1.0 66
1561931923803 1.0 67
1561931923811 1.0 68
1561931923818 1.0 69
1561931923826 1.0 70
1561931923834 1.0 71
1561931923841 1.0 72
1561931923849 1.0 73
1561931923857 1.0 74
1561931923864 1.0 75
1561931923872 1.0 76
1561931923880 1.0 77
1561931923887 1.0 78
1561931923895 1.0 79
1561931923903 1.0 80
1561931923910 1.0 81
1561931923918 1.0 82
1561931923926 1.0 83
1561931923933 1.0 84
1561931923941 1.0 85
1561931923949 1.0 86
1561931923956 1.0 87
1561931923964 1.0 88
1561931923972 1.0 89
1561931923979 1.0 90
1561931923987 1.0 91
1561931923995 1.0 92
1561931924002 1.0 93
1561931924010 1.0 94
1561931924018 1.0 95
1561931924025 1.0 96
1561931924033 1.0 97
1561931924041 1.0 98
1561931924048 1.0 99
