1561931922534 0.586372434425354 0
1561931922542 0.18610783676306406 1
1561931922549 0.12311690770785014 2
1561931922557 0.09224848356246948 3
1561931922564 0.07321751211484273 4
1561931922571 0.060111794606844585 5
1561931922579 0.05055428186853727 6
1561931922586 0.042863004648685456 7
1561931922594 0.03724094957113266 8
1561931922601 0.03250329520901044 9
1561931922608 0.02821133399605751 10
1561931922616 0.02470511154035727 11
1561931922624 0.021669705566763876 12
1561931922631 0.018739457853635153 13
1561931922638 0.016707861909766992 14
1561931922646 0.014545394639174144 15
1561931922653 0.012886285089453062 16
1561931922661 0.01122068098882834 17
1561931922669 0.009941783050199349 18
1561931922676 0.008816390865296125 19
1561931922684 0.007731125208735466 20
1561931922691 0.006920120373119911 21
1561931922699 0.006179564034193754 22
1561931922706 0.005513476228713989 23
1561931922714 0.0049269478023052215 24
1561931922722 0.0044566798739135265 25
1561931922729 0.00401726968921721 26
1561931922736 0.0036566259587804475 27
1561931922744 0.0033616541882356007 28
1561931922751 0.003047566412637631 29
1561931922759 0.002813632667064667 30
1561931922767 0.002574106073876222 31
1561931922774 0.002380333342651526 32
1561931922782 0.002191568020855387 33
1561931922789 0.002026325694099069 34
1561931922797 0.001863709454362591 35
1561931922805 0.0017614595328768095 36
1561931922812 0.001645574742058913 37
1561931922820 0.0015474652071793874 38
1561931922828 0.0014449300432577729 39
1561931922835 0.0013634489390378197 40
1561931922843 0.0012734814976652464 41
1561931922850 0.0011994491157432396 42
1561931922858 0.0011355754770338536 43
1561931922866 0.0010764774137487015 44
1561931922873 0.001018156081189712 45
1561931922881 0.000974227923899889 46
1561931922889 0.0009302795511980851 47
1561931922896 0.0008864139642566442 48
1561931922904 0.0008430759230318169 49
1561931922911 0.0007973061271322271 50
1561931922919 0.000766625761675338 51
1561931922927 0.0007333798367219667 52
1561931922934 0.0006976810691257317 53
1561931922942 0.0006772970748133957 54
1561931922949 0.0006539332500969371 55
1561931922957 0.0006269749029849966 56
1561931922965 0.0005942154174981018 57
1561931922973 0.000573638800966243 58
1561931922980 0.0005510062796684603 59
1561931922988 0.0005331966114230454 60
1561931922995 0.0005170164940878749 61
1561931923003 0.0004952430911672612 62
1561931923010 0.00047597876580742496 63
1561931923018 0.0004647099517285824 64
1561931923025 0.00044453760548494756 65
1561931923033 0.00043133514743919174 66
1561931923041 0.00041658924386526146 67
1561931923048 0.00040191356559904915 68
1561931923056 0.00039328262796625496 69
1561931923063 0.0003833455401938409 70
1561931923071 0.00036998361606771745 71
1561931923081 0.00035914404739936193 72
1561931923089 0.00034487497047521175 73
1561931923097 0.00033292795837235945 74
1561931923104 0.00032781753595918415 75
1561931923112 0.00031656585621337097 76
1561931923119 0.0003070539257644365 77
1561931923127 0.0002976137454621494 78
1561931923134 0.0002922530027416845 79
1561931923142 0.0002804330193592856 80
1561931923149 0.0002748050376151999 81
1561931923157 0.00026571765648356326 82
1561931923164 0.00025995335169912625 83
1561931923172 0.00025389412832446396 84
1561931923179 0.00024787407202335693 85
1561931923187 0.00023847634922713042 86
1561931923194 0.0002347594945381085 87
1561931923202 0.0002306895679483811 88
1561931923209 0.00022376476608527204 89
1561931923217 0.00021842106287367643 90
1561931923224 0.00021338138012991597 91
1561931923232 0.000208113242026108 92
1561931923239 0.00020277965157292785 93
1561931923247 0.00019684867541460942 94
1561931923254 0.00019438927789839605 95
1561931923262 0.00018764422433450819 96
1561931923269 0.00018506662638392298 97
1561931923277 0.00017973447043914348 98
1561931923284 0.00017726161496248096 99
