1561944871345 0.19479999494552613 0
1561944871354 0.7397000022888184 1
1561944871363 0.8325000008583069 2
1561944871372 0.8750000020980835 3
1561944871381 0.8891999984741211 4
1561944871390 0.9097000016212463 5
1561944871399 0.9141999972343445 6
1561944871408 0.9246000036239624 7
1561944871417 0.9286999981880188 8
1561944871426 0.9350000021934509 9
1561944871435 0.9430999988555908 10
1561944871444 0.948400000667572 11
1561944871453 0.9510999956130981 12
1561944871463 0.9555999999046325 13
1561944871472 0.9587999991416931 14
1561944871481 0.9638999969482421 15
1561944871490 0.966199997329712 16
1561944871499 0.9679999991416931 17
1561944871508 0.9707999998092651 18
1561944871517 0.9750000041007996 19
1561944871526 0.9748000051498413 20
1561944871535 0.9793000037193298 21
1561944871544 0.9801000047683716 22
1561944871553 0.9799999954223633 23
1561944871562 0.9823000051498413 24
1561944871572 0.9839999954223633 25
1561944871581 0.9857000015258789 26
1561944871590 0.9859000047683716 27
1561944871599 0.9874000015258789 28
1561944871608 0.9877000011444091 29
1561944871617 0.989200002193451 30
1561944871626 0.9904000040054322 31
1561944871635 0.9910000007629395 32
1561944871644 0.9930000007629395 33
1561944871653 0.9925000040054321 34
1561944871662 0.9932999975204467 35
1561944871672 0.9943000003814697 36
1561944871681 0.9946000050544739 37
1561944871690 0.9949000003814698 38
1561944871699 0.993999997138977 39
1561944871708 0.9950000003814697 40
1561944871717 0.9958999989509583 41
1561944871726 0.9959000003814698 42
1561944871735 0.9975000018119812 43
1561944871744 0.9976999957084656 44
1561944871754 0.9972999957084656 45
1561944871763 0.9978999957084655 46
1561944871772 0.9975000003814697 47
1561944871781 0.9974000018119812 48
1561944871790 0.9979999985694885 49
1561944871799 0.9988000046730041 50
1561944871808 0.9980000003814697 51
1561944871817 0.9990999985694885 52
1561944871826 0.997899997138977 53
1561944871836 0.9987000032424926 54
1561944871845 0.998899997138977 55
1561944871854 0.9992000032424927 56
1561944871863 0.998999997138977 57
1561944871872 0.9992999985694885 58
1561944871882 0.9991000046730042 59
1561944871891 0.9993000046730042 60
1561944871900 0.9994 61
1561944871909 0.9997 62
1561944871918 0.9995000046730041 63
1561944871927 0.9994 64
1561944871936 0.9995999985694886 65
1561944871946 0.9999000046730041 66
1561944871955 0.9999 67
1561944871964 0.9994000046730042 68
1561944871973 0.9995 69
1561944871983 0.9998 70
1561944871992 0.9995000046730041 71
1561944872001 0.9994 72
1561944872010 0.9997000046730041 73
1561944872019 0.9997000046730041 74
1561944872028 0.9998000046730041 75
1561944872038 0.9999 76
1561944872047 0.9998 77
1561944872056 0.9997000046730041 78
1561944872065 0.9999 79
1561944872076 0.9999000046730041 80
1561944872087 0.9998 81
1561944872096 0.9999 82
1561944872105 0.9998 83
1561944872114 1.0 84
1561944872124 0.9998 85
1561944872133 0.9999 86
1561944872142 1.0 87
1561944872152 0.9997000046730041 88
1561944872161 0.9999 89
1561944872170 1.0 90
1561944872179 1.0 91
1561944872188 0.9998 92
1561944872198 1.0 93
1561944872207 0.9999 94
1561944872216 1.0 95
1561944872225 1.0 96
1561944872235 0.9999 97
1561944872244 0.9999 98
1561944872253 1.0 99
1561944872262 1.0 100
1561944872272 0.9999 101
1561944872281 0.9999 102
1561944872290 0.9999000046730041 103
1561944872300 1.0 104
1561944872309 0.9999 105
1561944872318 0.9999000046730041 106
1561944872327 0.9999 107
1561944872337 0.9997 108
1561944872346 0.9999 109
1561944872355 1.0 110
1561944872364 0.9998000046730041 111
1561944872374 1.0 112
1561944872383 0.9999 113
1561944872392 0.9997 114
1561944872402 1.0 115
1561944872411 1.0 116
1561944872420 1.0 117
1561944872429 1.0 118
1561944872438 1.0 119
1561944872448 1.0 120
1561944872457 0.9999 121
1561944872466 0.9999000046730041 122
1561944872476 1.0 123
1561944872485 1.0 124
1561944872494 0.9999 125
1561944872504 1.0 126
1561944872513 0.9998000046730041 127
1561944872522 1.0 128
1561944872531 1.0 129
1561944872541 0.9999 130
1561944872550 1.0 131
1561944872560 1.0 132
1561944872569 1.0 133
1561944872578 1.0 134
1561944872588 1.0 135
1561944872598 1.0 136
1561944872607 0.9999 137
1561944872617 1.0 138
1561944872627 1.0 139
1561944872636 1.0 140
1561944872645 1.0 141
1561944872655 1.0 142
1561944872664 1.0 143
1561944872674 1.0 144
1561944872683 1.0 145
1561944872693 0.9999 146
1561944872702 1.0 147
1561944872712 1.0 148
1561944872721 0.9999 149
1561944872731 1.0 150
1561944872740 0.9998 151
1561944872749 1.0 152
1561944872759 1.0 153
1561944872768 1.0 154
1561944872778 1.0 155
1561944872787 1.0 156
1561944872796 1.0 157
1561944872806 0.9999 158
1561944872815 1.0 159
1561944872825 1.0 160
1561944872835 1.0 161
1561944872844 1.0 162
1561944872854 1.0 163
1561944872864 1.0 164
1561944872873 1.0 165
1561944872883 1.0 166
1561944872892 1.0 167
1561944872902 1.0 168
1561944872911 1.0 169
1561944872921 1.0 170
1561944872930 1.0 171
1561944872939 1.0 172
1561944872949 1.0 173
1561944872958 1.0 174
1561944872968 0.9999000046730041 175
1561944872977 1.0 176
1561944872987 1.0 177
1561944872996 1.0 178
1561944873006 1.0 179
1561944873015 1.0 180
1561944873024 0.9999000046730041 181
1561944873034 1.0 182
1561944873043 1.0 183
1561944873052 1.0 184
1561944873062 1.0 185
1561944873071 1.0 186
1561944873089 1.0 187
1561944873099 1.0 188
1561944873109 1.0 189
1561944873120 1.0 190
1561944873130 1.0 191
1561944873140 1.0 192
1561944873151 1.0 193
1561944873161 1.0 194
1561944873172 1.0 195
1561944873183 1.0 196
1561944873193 1.0 197
1561944873204 1.0 198
1561944873214 1.0 199
