1561944873225 -1.5973927234649656 0
1561944873235 -0.2758863903045654 1
1561944873245 -0.1326470422744751 2
1561944873255 -0.09305550355911257 3
1561944873264 -0.06853267440795902 4
1561944873275 -0.04388523402214051 5
1561944873285 -0.03442892675399778 6
1561944873294 -0.01811404860019683 7
1561944873304 -0.017677299189567564 8
1561944873314 -0.01296065697669982 9
1561944873324 -0.0008168079376220938 10
1561944873334 0.003363839912414568 11
1561944873344 0.011186501812934874 12
1561944873363 0.017870167589187608 13
1561944873375 0.01908016831874848 14
1561944873386 0.025594136416912078 15
1561944873396 0.026408083820343015 16
1561944873406 0.030442025399208067 17
1561944873417 0.031350798034667976 18
1561944873427 0.0363755229830742 19
1561944873437 0.03418667012453079 20
1561944873448 0.03654353809356689 21
1561944873458 0.03648519642353057 22
1561944873469 0.0362707405090332 23
1561944873479 0.03968895133733749 24
1561944873489 0.042681214761734004 25
1561944873500 0.04514288899898529 26
1561944873510 0.04602304748296737 27
1561944873521 0.04751566917300224 28
1561944873531 0.047796018683910375 29
1561944873541 0.0481530166208744 30
1561944873552 0.047722678488492966 31
1561944873562 0.04707294713258744 32
1561944873573 0.048294541066884994 33
1561944873583 0.04961277008652687 34
1561944873593 0.053521880835294716 35
1561944873602 0.05477663589119911 36
1561944873612 0.053070598503947256 37
1561944873622 0.05083282140195369 38
1561944873631 0.04859722808003425 39
1561944873641 0.0480091995447874 40
1561944873651 0.05006031426489353 41
1561944873661 0.05234987336695194 42
1561944873670 0.05459423491954804 43
1561944873680 0.053940656724572184 44
1561944873690 0.05248265759050846 45
1561944873699 0.052524354159832004 46
1561944873709 0.05249504236876965 47
1561944873719 0.05228676802814007 48
1561944873728 0.05287861787974834 49
1561944873738 0.05361637779772281 50
1561944873747 0.05354198241531849 51
1561944873757 0.05354349526464939 52
1561944873766 0.05322574923634529 53
1561944873776 0.05304177232384682 54
1561944873786 0.054226249518990514 55
1561944873796 0.05538855974078178 56
1561944873805 0.05518181526362896 57
1561944873815 0.05489042846411467 58
1561944873824 0.05411666442751884 59
1561944873834 0.05404457091093063 60
1561944873843 0.05430673230290413 61
1561944873853 0.055853918272256844 62
1561944873863 0.05670029686242342 63
1561944873872 0.05740217943936587 64
1561944873882 0.05701592840254307 65
1561944873892 0.05590747155100107 66
1561944873902 0.05546301703006029 67
1561944873911 0.05511848046109081 68
1561944873921 0.05514104375392198 69
1561944873930 0.05659270481690764 70
1561944873940 0.05705085492059589 71
1561944873950 0.05724590875953435 72
1561944873959 0.05649198075681924 73
1561944873969 0.055814673845469946 74
1561944873979 0.05557357550114393 75
1561944873989 0.05552363006770611 76
1561944873998 0.05489216531142592 77
1561944874008 0.05507885691076517 78
1561944874017 0.05506423152312637 79
1561944874027 0.05612612934112549 80
1561944874037 0.05613733431994915 81
1561944874046 0.056515599036961794 82
1561944874056 0.05606174719184637 83
1561944874066 0.05634211078956723 84
1561944874079 0.05564197238609195 85
1561944874090 0.05497803605049849 86
1561944874099 0.055082579796761275 87
1561944874109 0.05613840672522783 88
1561944874119 0.057168828444927926 89
1561944874128 0.05727253537848592 90
1561944874138 0.056511559301614764 91
1561944874147 0.05564028912782669 92
1561944874157 0.05544845042079687 93
1561944874167 0.05574896022900939 94
1561944874176 0.05596793235689401 95
1561944874186 0.05660872257500887 96
1561944874196 0.05732930165268481 97
1561944874206 0.05691948878839612 98
1561944874215 0.056533036885410545 99
1561944874225 0.05647847222425043 100
1561944874235 0.05612583905234933 101
1561944874244 0.05611334463581443 102
1561944874254 0.05714613517969847 103
1561944874264 0.05786585286222398 104
1561944874273 0.05766269428357482 105
1561944874283 0.057301182081177834 106
1561944874293 0.056576137928664685 107
1561944874303 0.05593581820428371 108
1561944874312 0.05586645082347095 109
1561944874322 0.05638159067369998 110
1561944874331 0.056260516210645435 111
1561944874341 0.0570903197914362 112
1561944874351 0.056983103223890066 113
1561944874361 0.05636125015728175 114
1561944874371 0.055986371627822516 115
1561944874380 0.05571330821812153 116
1561944874390 0.05550921046063304 117
1561944874403 0.05573890205323696 118
1561944874425 0.05620083865709603 119
1561944874434 0.0559418791256845 120
1561944874445 0.05588795209117234 121
1561944874455 0.05619129994288087 122
1561944874464 0.05676586392633617 123
1561944874474 0.057073631391674276 124
1561944874484 0.056218693908303974 125
1561944874494 0.05557046580128372 126
1561944874504 0.05541211409717798 127
1561944874513 0.05574600641094148 128
1561944874523 0.05616779305450618 129
1561944874533 0.0570005886990577 130
1561944874542 0.05688563187755644 131
1561944874552 0.05666962255053222 132
1561944874562 0.05668864589370787 133
1561944874572 0.056047355271875855 134
1561944874582 0.05615982053279877 135
1561944874592 0.05629479319602251 136
1561944874601 0.056337395597994326 137
1561944874611 0.056943985548242926 138
1561944874621 0.05648643778003752 139
1561944874631 0.055864536090195184 140
1561944874641 0.05555919117610901 141
1561944874650 0.05575515894610435 142
1561944874660 0.056325056225806476 143
1561944874670 0.05716958709806204 144
1561944874680 0.05795763109568507 145
1561944874689 0.05819044770933687 146
1561944874699 0.058282277096062894 147
1561944874709 0.05754523990843445 148
1561944874719 0.056807893016934397 149
1561944874728 0.05655894181374461 150
1561944874738 0.05607253405731172 151
1561944874748 0.056248804325237864 152
1561944874757 0.05661564743630588 153
1561944874767 0.057074904594570396 154
1561944874777 0.057148443596065045 155
1561944874787 0.057308523666672405 156
1561944874796 0.05742775594703853 157
1561944874806 0.0576373639414087 158
1561944874816 0.057610020940937104 159
1561944874826 0.05773405178729445 160
1561944874835 0.057666649153828624 161
1561944874845 0.057410981795191766 162
1561944874855 0.05709201295096427 163
1561944874865 0.05684745305478573 164
1561944874875 0.05624756551012397 165
1561944874884 0.05600648481491953 166
1561944874894 0.056021526585519316 167
1561944874904 0.0561735757259652 168
1561944874914 0.05695249382127077 169
1561944874924 0.057344930421747264 170
1561944874933 0.05732359622269869 171
1561944874943 0.0569464251914993 172
1561944874953 0.056496328647620976 173
1561944874963 0.05638146954383701 174
1561944874973 0.056622829179838303 175
1561944874982 0.057441431782022115 176
1561944874993 0.057986489946953955 177
1561944875003 0.05737606734223664 178
1561944875012 0.05699197609461844 179
1561944875022 0.05681783802639693 180
1561944875032 0.056817380515486 181
1561944875047 0.05722948124110699 182
1561944875066 0.0576721747258678 183
1561944875078 0.05806100501772016 184
1561944875090 0.0581533112257719 185
1561944875101 0.05815272002313286 186
1561944875111 0.05805878581032157 187
1561944875122 0.057832594249770046 188
1561944875132 0.057518146561272444 189
1561944875143 0.057247584207728505 190
1561944875153 0.05711091735716909 191
1561944875163 0.05721721354555339 192
1561944875174 0.057079334823228425 193
1561944875184 0.057129339752532544 194
1561944875194 0.0572851938072592 195
1561944875205 0.057561544816009697 196
1561944875215 0.05767202419526875 197
1561944875225 0.05768613413646818 198
1561944875236 0.057540936436504125 199
