1561944869568 2.4440478853225707 0
1561944869577 0.8165184155464172 1
1561944869587 0.5339168667793274 2
1561944869596 0.4200447484970093 3
1561944869606 0.36009444961547854 4
1561944869615 0.31475192799568175 5
1561944869625 0.2867352729320526 6
1561944869634 0.25160397827625275 7
1561944869644 0.23338652329444884 8
1561944869654 0.21350180933475493 9
1561944869663 0.18947123975753785 10
1561944869671 0.17642564876079558 11
1561944869680 0.16203333013057708 12
1561944869689 0.14750202419757844 13
1561944869697 0.13819546930789947 14
1561944869706 0.12530755478143693 15
1561944869715 0.1197699619293213 16
1561944869723 0.11077666022777558 17
1561944869732 0.10471377596855164 18
1561944869740 0.09375094895362854 19
1561944869749 0.08948594063520432 20
1561944869757 0.08111662703752517 21
1561944869766 0.07684815977811814 22
1561944869775 0.07368959653377533 23
1561944869783 0.06805856958627701 24
1561944869792 0.06275453751087189 25
1561944869800 0.05826714112758637 26
1561944869809 0.05514917322397232 27
1561944869818 0.05126037877202034 28
1561944869826 0.04947411212921143 29
1561944869835 0.04653348053097725 30
1561944869844 0.042405370765924454 31
1561944869853 0.04035505009889603 32
1561944869861 0.03741958230137825 33
1561944869870 0.03605359726548195 34
1561944869879 0.03343686386942864 35
1561944869887 0.03145343046784401 36
1561944869896 0.029829111316800116 37
1561944869905 0.028510197964310646 38
1561944869913 0.027987147957086563 39
1561944869922 0.027388120606541635 40
1561944869930 0.02546248969733715 41
1561944869939 0.02374506479203701 42
1561944869948 0.02186488428115845 43
1561944869957 0.020657043513655663 44
1561944869966 0.020117018899321555 45
1561944869974 0.018969253122806548 46
1561944869983 0.018558705940842628 47
1561944869992 0.018423687329888343 48
1561944870000 0.017489398482441902 49
1561944870009 0.016300953897833825 50
1561944870018 0.016196637150645257 51
1561944870026 0.015582635733485221 52
1561944870035 0.014918775993585586 53
1561944870044 0.014724561375379563 54
1561944870053 0.013666401442885398 55
1561944870061 0.012548426407575607 56
1561944870070 0.012422444525361061 57
1561944870082 0.011744689156115056 58
1561944870091 0.011367237639427185 59
1561944870099 0.010794828993082047 60
1561944870108 0.010653690212965012 61
1561944870117 0.009736692172288895 62
1561944870126 0.009929440335929393 63
1561944870135 0.009536497186124324 64
1561944870143 0.008842550352215766 65
1561944870152 0.008851688848435879 66
1561944870161 0.008209176646173 67
1561944870170 0.008022095335274934 68
1561944870179 0.008219921617209911 69
1561944870187 0.007616059408336878 70
1561944870196 0.007789640010148287 71
1561944870205 0.00756099084764719 72
1561944870213 0.007527601097524166 73
1561944870222 0.007209680552780628 74
1561944870231 0.006711869533360004 75
1561944870240 0.006518218144774437 76
1561944870248 0.006828322372585535 77
1561944870257 0.006378005568683147 78
1561944870266 0.006317342392355204 79
1561944870275 0.005584402161836624 80
1561944870284 0.006016436782479286 81
1561944870292 0.005594087397307158 82
1561944870301 0.005708983631432057 83
1561944870310 0.005304392778128385 84
1561944870318 0.005350203878432512 85
1561944870327 0.005442766930162907 86
1561944870336 0.0052416280455887315 87
1561944870345 0.0050246095642447475 88
1561944870354 0.0050479086764156815 89
1561944870362 0.00479535154029727 90
1561944870371 0.004588010317087173 91
1561944870380 0.004746178179979324 92
1561944870389 0.00474472936540842 93
1561944870397 0.004402091620117426 94
1561944870406 0.004483485536277294 95
1561944870415 0.004224633537232876 96
1561944870423 0.003839233162626624 97
1561944870432 0.004156848817318678 98
1561944870441 0.004221357526630163 99
1561944870450 0.003840656855329871 100
1561944870459 0.0038219666801393034 101
1561944870467 0.003966354284435511 102
1561944870476 0.003669370265305042 103
1561944870485 0.003570729434862733 104
1561944870494 0.0037625056423246863 105
1561944870502 0.0035719135206192733 106
1561944870511 0.003648559392988682 107
1561944870520 0.0036536999553442003 108
1561944870529 0.0034909473288804293 109
1561944870537 0.0031575155463069676 110
1561944870546 0.0035092059530317785 111
1561944870555 0.0030162941128015516 112
1561944870564 0.0030482572235167025 113
1561944870573 0.0033105044413357975 114
1561944870581 0.0031045372869819405 115
1561944870590 0.002966048952937126 116
1561944870599 0.002872362620383501 117
1561944870608 0.0027342873007059096 118
1561944870617 0.002514130054041743 119
1561944870626 0.002831957248598337 120
1561944870634 0.002842970756813884 121
1561944870643 0.002601358862966299 122
1561944870652 0.0025641922641545536 123
1561944870661 0.0024330487392842767 124
1561944870670 0.002764528874307871 125
1561944870678 0.0027790342289954425 126
1561944870687 0.002690826700627804 127
1561944870696 0.002394581425562501 128
1561944870705 0.002348420898988843 129
1561944870714 0.0023404904466122387 130
1561944870723 0.0025390021320432425 131
1561944870732 0.002475347628071904 132
1561944870740 0.002293323194608092 133
1561944870749 0.0025775939747691152 134
1561944870758 0.002217695289850235 135
1561944870767 0.002049965612590313 136
1561944870776 0.002270657043159008 137
1561944870785 0.0021112534735351803 138
1561944870793 0.0022430774744600056 139
1561944870802 0.002038333521783352 140
1561944870811 0.0020440094085410238 141
1561944870820 0.0020776201037690043 142
1561944870829 0.0020356509976089 143
1561944870838 0.002033778227865696 144
1561944870846 0.0019958995735272766 145
1561944870855 0.0021675895538181065 146
1561944870864 0.0018772350959479808 147
1561944870874 0.001920788007043302 148
1561944870883 0.002071747621893883 149
1561944870892 0.0018196037685498595 150
1561944870901 0.0019777153702452777 151
1561944870910 0.0018109579738229513 152
1561944870919 0.0018264085341244936 153
1561944870928 0.0016697992347180844 154
1561944870937 0.0017439583376049996 155
1561944870946 0.0017646459521725773 156
1561944870955 0.0017457251597195864 157
1561944870964 0.0017227005055174232 158
1561944870973 0.0017709547525271774 159
1561944870982 0.001587002701126039 160
1561944870991 0.001575862953066826 161
1561944871000 0.0016226972132921218 162
1561944871009 0.0016297562329098583 163
1561944871018 0.0015836905568838119 164
1561944871027 0.001710484353452921 165
1561944871036 0.0015507793938741089 166
1561944871045 0.0014768165543675423 167
1561944871054 0.001665305677242577 168
1561944871063 0.001414946491830051 169
1561944871072 0.0015143216436728836 170
1561944871084 0.0014818691477179527 171
1561944871093 0.001511772938631475 172
1561944871102 0.0015104482812806964 173
1561944871111 0.0014683175722137094 174
1561944871120 0.001566710103675723 175
1561944871129 0.0014354566123336555 176
1561944871138 0.0013184027718380093 177
1561944871147 0.0014990643244236707 178
1561944871156 0.0013742558535188437 179
1561944871165 0.0013295259641483426 180
1561944871174 0.0014526345752179622 181
1561944871183 0.001362708666920662 182
1561944871192 0.0013005290588364005 183
1561944871201 0.0013317649150267244 184
1561944871210 0.0013822236925363541 185
1561944871219 0.001299913596175611 186
1561944871228 0.0011934961535036565 187
1561944871237 0.001291124876216054 188
1561944871246 0.001318611337058246 189
1561944871255 0.0013343380849808455 190
1561944871264 0.0012709838474169375 191
1561944871273 0.0011393378334119916 192
1561944871282 0.0012312748452648521 193
1561944871291 0.0011888929029926659 194
1561944871300 0.0011392705973237752 195
1561944871309 0.0011983412699773908 196
1561944871318 0.0012761998724192382 197
1561944871327 0.0011323385171592235 198
1561944871336 0.0011178077794611453 199
