1561932870988 0.809083333047231 0
1561932870995 0.9528999997138977 1
1561932871003 0.9711000002861023 2
1561932871011 0.9774333335558574 3
1561932871019 0.9815999997138977 4
1561932871026 0.9849000000953674 5
1561932871034 0.9865833333651225 6
1561932871042 0.9887833335876465 7
1561932871049 0.990583333047231 8
1561932871057 0.990999999777476 9
1561932871065 0.9920833335240682 10
1561932871073 0.9927499997138977 11
1561932871083 0.9934333333333333 12
1561932871091 0.9937500002543131 13
1561932871099 0.9947833334604899 14
1561932871107 0.9954000001907348 15
1561932871115 0.9955333335240681 16
1561932871124 0.9960666667938233 17
1561932871132 0.996049999777476 18
1561932871140 0.9962500002543132 19
1561932871148 0.9972500001271566 20
1561932871156 0.9970833335240682 21
1561932871164 0.9975500000635783 22
1561932871172 0.9977666666666667 23
1561932871180 0.9978333334604899 24
1561932871188 0.9979166666666667 25
1561932871196 0.99855 26
1561932871205 0.9983333333969117 27
1561932871212 0.9985000001271566 28
1561932871220 0.9982833333333333 29
1561932871229 0.9987000001271565 30
1561932871236 0.9987 31
1561932871244 0.9988 32
1561932871253 0.9987166668574016 33
1561932871260 0.9990333333333333 34
1561932871268 0.9990833333333333 35
1561932871277 0.9990666667938233 36
1561932871285 0.9989333333969116 37
1561932871293 0.9991666666666666 38
1561932871301 0.9991166666666667 39
1561932871309 0.9991666667938233 40
1561932871317 0.99888333346049 41
1561932871325 0.9991000000635782 42
1561932871333 0.9991833333333333 43
1561932871341 0.999266666730245 44
1561932871349 0.99925 45
1561932871357 0.99945 46
1561932871365 0.9992000000635783 47
1561932871373 0.99925 48
1561932871381 0.9993166666666666 49
1561932871390 0.9994333333333333 50
1561932871398 0.999416666730245 51
1561932871406 0.9995333333333334 52
1561932871414 0.9996833333333334 53
1561932871422 0.9994166667938232 54
1561932871430 0.9994833333333333 55
1561932871438 0.9994833333969116 56
1561932871446 0.9992500000635783 57
1561932871455 0.9993 58
1561932871463 0.9994500000635783 59
1561932871471 0.9995666666666667 60
1561932871479 0.9995666666666667 61
1561932871487 0.9994333333333333 62
1561932871495 0.9995333333969116 63
1561932871503 0.999616666730245 64
1561932871511 0.9995333333333334 65
1561932871519 0.9996 66
1561932871527 0.9996833333333334 67
1561932871536 0.9994166666666666 68
1561932871544 0.999566666730245 69
1561932871552 0.9993833333333333 70
1561932871560 0.9993833333333333 71
1561932871568 0.9994666666666666 72
1561932871576 0.9994333333969116 73
1561932871584 0.999266666730245 74
1561932871593 0.9995 75
1561932871601 0.99945 76
1561932871609 0.9995 77
1561932871617 0.9994833333969116 78
1561932871625 0.9995 79
1561932871634 0.9994 80
1561932871641 0.9994833333333333 81
1561932871650 0.9995666666666667 82
1561932871658 0.9993833333333333 83
1561932871666 0.9995000000635783 84
1561932871674 0.9993833333333333 85
1561932871682 0.9993166666666666 86
1561932871690 0.9995833333333334 87
1561932871699 0.99945 88
1561932871707 0.9995000000635783 89
1561932871715 0.9996166666666667 90
1561932871723 0.999516666730245 91
1561932871731 0.9997666666666667 92
1561932871740 0.99975 93
1561932871748 0.9997666666666667 94
1561932871756 0.9997166666666667 95
1561932871764 0.9995666666666667 96
1561932871772 0.9995 97
1561932871780 0.9996 98
1561932871789 0.999516666730245 99
