1561932870230 0.6229552891413371 0
1561932870238 0.17239830184777577 1
1561932870245 0.10736873041788737 2
1561932870253 0.08052325247923534 3
1561932870260 0.06680797264973322 4
1561932870268 0.05575535488128662 5
1561932870275 0.04878511338631312 6
1561932870283 0.04194353475769361 7
1561932870290 0.036049787012736 8
1561932870297 0.032450071692466734 9
1561932870305 0.030548830103874207 10
1561932870313 0.0272060875972112 11
1561932870320 0.02542019527902206 12
1561932870328 0.02343418673276901 13
1561932870335 0.020479747676849364 14
1561932870343 0.0189825707813104 15
1561932870350 0.017421527878940104 16
1561932870358 0.016124777091046174 17
1561932870365 0.015255579884847005 18
1561932870373 0.014713748272260031 19
1561932870380 0.012317094653844833 20
1561932870388 0.012510413665572801 21
1561932870395 0.010952560790876548 22
1561932870403 0.009998259420196215 23
1561932870410 0.009324586932361125 24
1561932870418 0.0092942572042346 25
1561932870425 0.007726974434653918 26
1561932870433 0.007722444754342238 27
1561932870440 0.007446674021085104 28
1561932870448 0.007518611323585113 29
1561932870455 0.006467277510960896 30
1561932870463 0.006514000294357538 31
1561932870470 0.006051743944734335 32
1561932870478 0.006056482264896234 33
1561932870485 0.005527008707821369 34
1561932870493 0.0050607243069758015 35
1561932870500 0.0050223473290602364 36
1561932870508 0.005125800806035598 37
1561932870515 0.004441776606192192 38
1561932870523 0.004631542293727398 39
1561932870530 0.004595126535246769 40
1561932870538 0.0047725025643905 41
1561932870546 0.004687945553163687 42
1561932870553 0.004044543993721406 43
1561932870561 0.003802606137096882 44
1561932870568 0.003595911671469609 45
1561932870576 0.003110923486078779 46
1561932870583 0.0035765664423505466 47
1561932870591 0.0032848210491240024 48
1561932870598 0.0032428188525140287 49
1561932870606 0.0031417677527914444 50
1561932870613 0.0027914280569801726 51
1561932870621 0.0026664112333208323 52
1561932870629 0.002386630982719362 53
1561932870636 0.0028890159415702024 54
1561932870644 0.0028714531441219153 55
1561932870651 0.0026222994352380433 56
1561932870660 0.00325664186788102 57
1561932870667 0.0031697527261450886 58
1561932870675 0.002569268012046814 59
1561932870682 0.0023256352245186766 60
1561932870690 0.0023432812809944152 61
1561932870698 0.0024374754818777245 62
1561932870705 0.00195143734117349 63
1561932870713 0.0021820977569868166 64
1561932870720 0.0021323413565134007 65
1561932870728 0.002036354236553113 66
1561932870736 0.0020358900722116232 67
1561932870743 0.0023204349712779124 68
1561932870751 0.002096354511876901 69
1561932870759 0.00261159991795818 70
1561932870766 0.0024048924868305525 71
1561932870774 0.0022231934859106937 72
1561932870781 0.0024079604300359884 73
1561932870789 0.0028092859987169506 74
1561932870797 0.0024479416525612276 75
1561932870804 0.002232138622738421 76
1561932870812 0.001972503936321785 77
1561932870819 0.00205874669055144 78
1561932870827 0.0022286721055706344 79
1561932870835 0.0024213367661461236 80
1561932870842 0.001960508360279103 81
1561932870850 0.001981955511588603 82
1561932870858 0.002341717455411951 83
1561932870865 0.002056002721687158 84
1561932870873 0.0023669853088135523 85
1561932870881 0.002459525248532494 86
1561932870888 0.0019829958897084 87
1561932870896 0.0018339958362591764 88
1561932870904 0.0018980673249810935 89
1561932870911 0.0017710110265761615 90
1561932870919 0.0017624072633683683 91
1561932870927 0.0015213770953007041 92
1561932870934 0.0013835664224500458 93
1561932870942 0.001398990750623246 94
1561932870949 0.0014410303760319949 95
1561932870957 0.0015938432780404886 96
1561932870965 0.001747379636205733 97
1561932870972 0.0016209670186818888 98
1561932870980 0.0019074769669522843 99
