1561940987829 0.3174999958992004 0
1561940987837 0.7190000034332276 1
1561940987845 0.8213999980926514 2
1561940987854 0.8613000003814697 3
1561940987862 0.8881000027656555 4
1561940987870 0.9039999965667724 5
1561940987878 0.9140999997138977 6
1561940987886 0.9224000025749206 7
1561940987895 0.9299999957084656 8
1561940987903 0.9396999953269959 9
1561940987911 0.9428999963760376 10
1561940987919 0.9481000024795532 11
1561940987927 0.9548000009536743 12
1561940987936 0.9576999962806702 13
1561940987944 0.9596999958992004 14
1561940987952 0.9628000052452087 15
1561940987960 0.9650000005722046 16
1561940987968 0.9686999979972839 17
1561940987977 0.9695999958992004 18
1561940987985 0.9732999976158142 19
1561940987993 0.9725999976158142 20
1561940988002 0.9759999976158142 21
1561940988010 0.9779000047683716 22
1561940988018 0.9784000033378601 23
1561940988027 0.9799000047683716 24
1561940988035 0.9834000000953674 25
1561940988043 0.9839999982833862 26
1561940988051 0.9836000047683716 27
1561940988059 0.9852000025749207 28
1561940988068 0.9853999968528747 29
1561940988077 0.9878000043869019 30
1561940988087 0.9884999964714051 31
1561940988095 0.9883999950408936 32
1561940988104 0.9888000025749206 33
1561940988112 0.9904999997138977 34
1561940988121 0.9904999993324279 35
1561940988129 0.9912999960899354 36
1561940988138 0.9921999960899353 37
1561940988146 0.992399999332428 38
1561940988154 0.9922999946594239 39
1561940988163 0.9933999975204468 40
1561940988171 0.9925999975204468 41
1561940988180 0.9948000007629395 42
1561940988188 0.9942000036239624 43
1561940988196 0.9953999957084656 44
1561940988205 0.9948000003814698 45
1561940988213 0.9960000003814697 46
1561940988222 0.9957000018119812 47
1561940988230 0.9958000018119813 48
1561940988238 0.9966000003814697 49
1561940988247 0.9971000050544738 50
1561940988255 0.9974999985694886 51
1561940988263 0.9974000032424927 52
1561940988272 0.9973000018119812 53
1561940988280 0.9987000018119812 54
1561940988289 0.9971000018119812 55
1561940988297 0.9973000003814697 56
1561940988305 0.997099997138977 57
1561940988314 0.9980000032424927 58
1561940988322 0.998199997138977 59
1561940988330 0.9983000046730042 60
1561940988339 0.9976999985694885 61
1561940988347 0.9981999985694885 62
1561940988356 0.9985999985694886 63
1561940988364 0.997899997138977 64
1561940988372 0.9988000046730041 65
1561940988381 0.9984000032424927 66
1561940988389 0.9986 67
1561940988398 0.9994000046730042 68
1561940988406 0.9987000046730041 69
1561940988415 0.9990999985694885 70
1561940988423 0.9987000032424926 71
1561940988431 0.999 72
1561940988440 0.9989 73
1561940988448 0.9987000032424926 74
1561940988457 0.9990000046730042 75
1561940988465 0.999099997138977 76
1561940988474 0.9991000046730042 77
1561940988482 0.9985999985694886 78
1561940988490 0.9993 79
1561940988499 0.9997 80
1561940988508 0.9992999985694885 81
1561940988516 0.9994000046730042 82
1561940988524 0.9994999985694886 83
1561940988533 0.9994000046730042 84
1561940988541 0.9991999985694885 85
1561940988550 0.9992000046730042 86
1561940988558 0.9995000046730041 87
1561940988566 0.9995000046730041 88
1561940988575 0.9995 89
1561940988583 0.9995000046730041 90
1561940988592 0.9996 91
1561940988600 0.9996 92
1561940988609 0.9991000046730042 93
1561940988617 0.9997000046730041 94
1561940988625 0.9993999985694886 95
1561940988634 0.9996 96
1561940988642 0.9996 97
1561940988651 0.9994000046730042 98
1561940988659 0.9997000046730041 99
