1561940987009 2.1092237270355225 0
1561940987018 0.8898663328170776 1
1561940987026 0.6024746507644654 2
1561940987034 0.4712601605415344 3
1561940987042 0.3947836365222931 4
1561940987050 0.33283694405555725 5
1561940987058 0.30528117723464965 6
1561940987066 0.2721380940437317 7
1561940987076 0.24932879250049592 8
1561940987086 0.22374483211040497 9
1561940987094 0.20623411674499512 10
1561940987103 0.1911736560344696 11
1561940987111 0.17457127175331116 12
1561940987119 0.1634753945827484 13
1561940987127 0.15096038603782655 14
1561940987135 0.14271088843345642 15
1561940987143 0.13151169862747192 16
1561940987151 0.1221409849524498 17
1561940987160 0.11644982061386108 18
1561940987168 0.10632972857952118 19
1561940987176 0.1052618281006813 20
1561940987184 0.09735815566778183 21
1561940987192 0.09251169497966766 22
1561940987201 0.08800513598918915 23
1561940987209 0.0829979037642479 24
1561940987217 0.07786465210914612 25
1561940987225 0.07318963344097137 26
1561940987233 0.07105038489103317 27
1561940987241 0.06653028718233109 28
1561940987250 0.06413882776498794 29
1561940987258 0.060339858949184415 30
1561940987266 0.057333024388551715 31
1561940987274 0.05457446113228798 32
1561940987283 0.05337550364136696 33
1561940987291 0.05045768901109696 34
1561940987299 0.04867134073972702 35
1561940987307 0.04424113737940788 36
1561940987315 0.044622569853067395 37
1561940987323 0.04059802408218384 38
1561940987332 0.03989036244750023 39
1561940987340 0.03738172196149826 40
1561940987348 0.03682177703976631 41
1561940987356 0.03478268263339997 42
1561940987364 0.035461241298913954 43
1561940987372 0.03152073893249035 44
1561940987381 0.030910541275143623 45
1561940987389 0.029931092777848244 46
1561940987397 0.028845972341299056 47
1561940987406 0.02765280885696411 48
1561940987414 0.026088655373454093 49
1561940987422 0.02476444495022297 50
1561940987430 0.024130577808618544 51
1561940987438 0.022782752221822737 52
1561940987447 0.0221710308521986 53
1561940987455 0.01991394839286804 54
1561940987463 0.02272262131869793 55
1561940987471 0.020626897460222244 56
1561940987480 0.020250583013892175 57
1561940987488 0.018358537018299103 58
1561940987496 0.017644679671525956 59
1561940987505 0.018652150771021843 60
1561940987513 0.01798227826356888 61
1561940987521 0.016763385723531248 62
1561940987529 0.015796945080161096 63
1561940987537 0.016783423516154288 64
1561940987545 0.015962664821743966 65
1561940987553 0.0156252428650856 66
1561940987561 0.014352415208518505 67
1561940987569 0.013709111391007901 68
1561940987578 0.013906449529528618 69
1561940987586 0.013237165914475917 70
1561940987594 0.013538521398603917 71
1561940987602 0.012392835247516632 72
1561940987610 0.013269121125340462 73
1561940987618 0.012360088284313678 74
1561940987626 0.01152179064899683 75
1561940987634 0.011332300892472268 76
1561940987642 0.011059989155828953 77
1561940987650 0.011769953122735023 78
1561940987658 0.010638914327323437 79
1561940987667 0.009817217054963112 80
1561940987675 0.010389274826645851 81
1561940987683 0.00968066006153822 82
1561940987691 0.00984348700940609 83
1561940987699 0.00932056654393673 84
1561940987707 0.009894631452858448 85
1561940987715 0.009727743822336196 86
1561940987723 0.008491406285762787 87
1561940987731 0.008901394225656986 88
1561940987740 0.008446279901266097 89
1561940987748 0.008363968589901924 90
1561940987756 0.00807227069735527 91
1561940987764 0.007911957631260156 92
1561940987772 0.008269059138000011 93
1561940987780 0.008403498482704162 94
1561940987788 0.007393766193091869 95
1561940987796 0.007436000783741474 96
1561940987805 0.0073728213258087635 97
1561940987813 0.007573162059485912 98
1561940987821 0.007262383846193552 99
