1561944154860 0.1364000007867813 0
1561944154869 0.4043999991416931 1
1561944154878 0.604599995136261 2
1561944154886 0.7094999946594238 3
1561944154896 0.7621999979972839 4
1561944154905 0.8038999978065491 5
1561944154913 0.8319000016212463 6
1561944154922 0.8485000004768372 7
1561944154931 0.861399998664856 8
1561944154940 0.8745999992370606 9
1561944154949 0.8833000024795532 10
1561944154958 0.8864000017166138 11
1561944154967 0.8997000012397766 12
1561944154976 0.9032000052452087 13
1561944154985 0.9094999997138977 14
1561944154994 0.9119000037193299 15
1561944155003 0.917899995803833 16
1561944155012 0.9210999986648559 17
1561944155020 0.924499998664856 18
1561944155030 0.9249000011444092 19
1561944155038 0.9301999968528748 20
1561944155047 0.9337000036239624 21
1561944155056 0.9349000028610229 22
1561944155065 0.9380999967575073 23
1561944155075 0.9405000032424927 24
1561944155087 0.9396999957084656 25
1561944155096 0.9425000010490417 26
1561944155105 0.9431999988555908 27
1561944155114 0.9470000006675721 28
1561944155123 0.9499999959945679 29
1561944155132 0.948600000667572 30
1561944155141 0.9523000049591065 31
1561944155150 0.9521000035285949 32
1561944155159 0.9542000034332275 33
1561944155168 0.9552999966621399 34
1561944155177 0.9570000045776367 35
1561944155186 0.9554999980926514 36
1561944155195 0.9578999999046326 37
1561944155204 0.9594999987602234 38
1561944155213 0.959300004863739 39
1561944155222 0.9592999948501587 40
1561944155231 0.961500002002716 41
1561944155240 0.962300004863739 42
1561944155249 0.9651999962806702 43
1561944155258 0.965600004863739 44
1561944155267 0.9654999987602234 45
1561944155276 0.9624000001907349 46
1561944155285 0.9679999983787536 47
1561944155294 0.9645999951362609 48
1561944155303 0.9697999969482421 49
1561944155312 0.9693000016212463 50
1561944155321 0.9691999969482422 51
1561944155330 0.9705000026702881 52
1561944155339 0.9721999983787537 53
1561944155348 0.9697999969482421 54
1561944155357 0.9730000030517578 55
1561944155366 0.9724999965667724 56
1561944155375 0.9739000030517578 57
1561944155384 0.972300002670288 58
1561944155393 0.9758999979972839 59
1561944155402 0.9757000022888184 60
1561944155411 0.9772000051498413 61
1561944155420 0.9754999947547912 62
1561944155429 0.9774999968528748 63
1561944155438 0.9780999976158142 64
1561944155447 0.9765999983787537 65
1561944155456 0.9767000037193299 66
1561944155465 0.9780000051498413 67
1561944155474 0.9798999990463256 68
1561944155483 0.9806999998092651 69
1561944155492 0.9786000051498414 70
1561944155501 0.9807999968528748 71
1561944155510 0.9782999976158142 72
1561944155519 0.9786000033378601 73
1561944155528 0.9809000037193298 74
1561944155537 0.9788000022888184 75
1561944155546 0.9797000033378601 76
1561944155555 0.9811999972343445 77
1561944155564 0.9838000033378601 78
1561944155573 0.984099998664856 79
1561944155582 0.9812999990463257 80
1561944155591 0.9830000029563903 81
1561944155600 0.9829000047683716 82
1561944155609 0.9827999997138978 83
1561944155618 0.9830000051498413 84
1561944155627 0.9856000015258789 85
1561944155637 0.9833999954223632 86
1561944155646 0.9842999972343445 87
1561944155655 0.9862000011444092 88
1561944155664 0.9843999968528747 89
1561944155673 0.9845000029563904 90
1561944155682 0.9842999972343445 91
1561944155691 0.9844999986648559 92
1561944155700 0.9857999954223633 93
1561944155709 0.9876000029563904 94
1561944155718 0.9877000047683716 95
1561944155727 0.9857999968528748 96
1561944155736 0.9866000025749206 97
1561944155745 0.9872999982833862 98
1561944155754 0.9867999982833863 99
1561944155763 0.9885000029563904 100
1561944155772 0.9883999964714051 101
1561944155781 0.9892000040054322 102
1561944155790 0.9887999960899353 103
1561944155799 0.9893999946594239 104
1561944155808 0.9890000040054321 105
1561944155817 0.9902000025749207 106
1561944155826 0.9900999979019165 107
1561944155836 0.9878999997138977 108
1561944155845 0.9896999989509583 109
1561944155854 0.989399996471405 110
1561944155863 0.9900999979019165 111
1561944155872 0.9899999950408935 112
1561944155881 0.9902999975204467 113
1561944155890 0.9897000025749206 114
1561944155899 0.991399999332428 115
1561944155908 0.9903000040054322 116
1561944155917 0.9914999979019165 117
1561944155926 0.9919999946594238 118
1561944155936 0.9921000050544739 119
1561944155945 0.9911000040054321 120
1561944155954 0.9905000025749207 121
1561944155963 0.9913000050544739 122
1561944155972 0.9918000021934509 123
1561944155981 0.9924999960899353 124
1561944155990 0.9901000025749207 125
1561944155999 0.9916999946594238 126
1561944156009 0.9927999989509583 127
1561944156018 0.9922000007629395 128
1561944156027 0.9921000040054321 129
1561944156036 0.9920000050544738 130
1561944156045 0.9919999979019165 131
1561944156054 0.9927000007629394 132
1561944156064 0.9915000025749207 133
1561944156073 0.9937000050544739 134
1561944156084 0.9921000011444092 135
1561944156094 0.9936000007629394 136
1561944156103 0.9937000021934509 137
1561944156112 0.9946000036239624 138
1561944156121 0.9944000021934509 139
1561944156130 0.9943000036239624 140
1561944156140 0.9950000050544738 141
1561944156149 0.9930000040054321 142
1561944156158 0.9933000021934509 143
1561944156167 0.9936000036239624 144
1561944156176 0.9953000050544739 145
1561944156185 0.9946000050544739 146
1561944156195 0.994100002193451 147
1561944156204 0.9945999957084656 148
1561944156213 0.9954999971389771 149
1561944156222 0.9938000040054321 150
1561944156231 0.9946000036239624 151
1561944156240 0.9958000050544739 152
1561944156249 0.9943000036239624 153
1561944156259 0.9948999989509583 154
1561944156268 0.9952000003814697 155
1561944156277 0.9956000003814697 156
1561944156286 0.9955000003814697 157
1561944156295 0.9941999960899353 158
1561944156304 0.9948999975204468 159
1561944156314 0.9946000050544739 160
1561944156323 0.9950000036239623 161
1561944156332 0.996799997138977 162
1561944156341 0.9953999989509582 163
1561944156350 0.9962000050544739 164
1561944156359 0.9960000003814697 165
1561944156369 0.9961000036239624 166
1561944156378 0.9967999957084656 167
1561944156387 0.9969999985694885 168
1561944156396 0.9968000032424926 169
1561944156406 0.9961999957084656 170
1561944156415 0.9957000036239624 171
1561944156424 0.9974000018119812 172
1561944156433 0.9961000036239624 173
1561944156443 0.9962000050544739 174
1561944156452 0.9967999957084656 175
1561944156461 0.9963000050544739 176
1561944156470 0.9968000003814698 177
1561944156479 0.9968000036239624 178
1561944156489 0.9965999957084656 179
1561944156498 0.9960999957084655 180
1561944156507 0.996799997138977 181
1561944156516 0.9958999957084655 182
1561944156526 0.997199997138977 183
1561944156535 0.9963000003814697 184
1561944156544 0.997199997138977 185
1561944156553 0.9973999971389771 186
1561944156563 0.9962999975204467 187
1561944156572 0.9963000050544739 188
1561944156581 0.9970000032424927 189
1561944156590 0.9972000050544739 190
1561944156600 0.9974999957084656 191
1561944156609 0.9976999971389771 192
1561944156618 0.9970000003814697 193
1561944156628 0.9975000032424927 194
1561944156637 0.9964999975204468 195
1561944156646 0.9971000003814697 196
1561944156656 0.9970000018119812 197
1561944156665 0.9983000046730042 198
1561944156674 0.9967999957084656 199
