1561944156683 -1.1229004846572874 0
1561944156692 -0.7241259410858154 1
1561944156702 -0.4879355051994323 2
1561944156711 -0.3556527525901795 3
1561944156721 -0.26867541093826297 4
1561944156730 -0.20448839902877802 5
1561944156740 -0.16454667720794675 6
1561944156749 -0.13648230576515197 7
1561944156758 -0.12418268451690673 8
1561944156768 -0.10933202047348023 9
1561944156777 -0.09567141537666324 10
1561944156787 -0.08980171780586238 11
1561944156796 -0.07155399985313415 12
1561944156805 -0.0686562372207642 13
1561944156815 -0.06082007882595064 14
1561944156824 -0.059808609056472756 15
1561944156833 -0.0515059952020645 16
1561944156843 -0.04425235495567323 17
1561944156852 -0.0395920546770096 18
1561944156861 -0.039620301675796527 19
1561944156871 -0.033639008760452255 20
1561944156880 -0.027170687389373782 21
1561944156889 -0.025285055613517765 22
1561944156899 -0.019630174255371086 23
1561944156908 -0.01959652392864228 24
1561944156918 -0.021285902476310736 25
1561944156927 -0.01540460476875305 26
1561944156936 -0.015415972948074341 27
1561944156946 -0.014897170042991625 28
1561944156955 -0.010764618635177609 29
1561944156964 -0.013618890905380238 30
1561944156974 -0.006733444094657898 31
1561944156983 -0.010401787853240974 32
1561944156992 -0.00824613511562347 33
1561944157002 -0.0034302454710006813 34
1561944157011 0.0007598177194595435 35
1561944157020 -0.005605890750884995 36
1561944157030 -0.00038888084888458185 37
1561944157039 0.00035227260589598686 38
1561944157049 0.003655756998062143 39
1561944157058 0.0020368456125259282 40
1561944157067 0.002532346034049976 41
1561944157081 0.007073062682151798 42
1561944157091 0.009418883681297285 43
1561944157100 0.00924303641319274 44
1561944157110 0.010076390266418433 45
1561944157119 0.005385993182659143 46
1561944157129 0.012437948644161242 47
1561944157139 0.008706957149505617 48
1561944157148 0.01029283751249313 49
1561944157158 0.010816346704959873 50
1561944157167 0.011915583014488224 51
1561944157177 0.012570775985717764 52
1561944157186 0.013613685250282281 53
1561944157196 0.01571174147129059 54
1561944157205 0.016570303559303293 55
1561944157215 0.018564662742614743 56
1561944157224 0.017411780560016632 57
1561944157234 0.015598936855793 58
1561944157243 0.01932654328346252 59
1561944157253 0.019954488289356226 60
1561944157262 0.020634609115123742 61
1561944157272 0.02195700793266296 62
1561944157281 0.02164446592330932 63
1561944157291 0.022962668895721433 64
1561944157300 0.02121783578395843 65
1561944157309 0.021134295189380647 66
1561944157319 0.022197455143928527 67
1561944157329 0.026194168233871468 68
1561944157338 0.027060272181034087 69
1561944157348 0.026804073762893676 70
1561944157357 0.029779868113994606 71
1561944157367 0.026126225805282594 72
1561944157376 0.027259120035171502 73
1561944157386 0.0311241491317749 74
1561944157395 0.026762165784835812 75
1561944157405 0.027546965456008904 76
1561944157414 0.029234802544116978 77
1561944157424 0.030956634783744816 78
1561944157441 0.03446350688934326 79
1561944157458 0.028801155781745913 80
1561944157469 0.030499405205249783 81
1561944157482 0.03150826456546783 82
1561944157491 0.03142901839613915 83
1561944157501 0.03354735941886902 84
1561944157510 0.037365203464031216 85
1561944157520 0.03385449944734574 86
1561944157529 0.036316565513610836 87
1561944157539 0.035496919929981226 88
1561944157548 0.034435350316762925 89
1561944157558 0.03501400788426399 90
1561944157567 0.034704563057422644 91
1561944157577 0.03291387575864791 92
1561944157586 0.036208827656507486 93
1561944157596 0.037503285503387454 94
1561944157606 0.04030277992486953 95
1561944157615 0.03830048643350601 96
1561944157628 0.039521159273386 97
1561944157638 0.038783410471677784 98
1561944157647 0.03966473280191422 99
1561944157657 0.03899990815520287 100
1561944157666 0.04247873153686523 101
1561944157676 0.045008699673414226 102
1561944157685 0.043891383993625646 103
1561944157695 0.043887764149904245 104
1561944157705 0.04323045657873154 105
1561944157714 0.044845918238162995 106
1561944157724 0.04536132516860962 107
1561944157733 0.04180501190423966 108
1561944157743 0.04267755407094956 109
1561944157753 0.04361244817376137 110
1561944157762 0.04518440564870835 111
1561944157772 0.046356874758005144 112
1561944157781 0.04556560217738152 113
1561944157791 0.045740898054838185 114
1561944157800 0.046756961452960974 115
1561944157810 0.045890969604253776 116
1561944157819 0.04726456983089448 117
1561944157829 0.04957544111013412 118
1561944157838 0.05147052633166314 119
1561944157848 0.05037401003837585 120
1561944157858 0.04778436178565025 121
1561944157867 0.04779980826675892 122
1561944157877 0.04755982865095139 123
1561944157886 0.04949638141989708 124
1561944157896 0.04685243764519691 125
1561944157905 0.050598465144634244 126
1561944157915 0.05112715956568718 127
1561944157924 0.051610602623224255 128
1561944157934 0.05054217466711998 129
1561944157944 0.05079108040630818 130
1561944157953 0.051174660593271255 131
1561944157963 0.051455309903621675 132
1561944157972 0.049211481547355655 133
1561944157982 0.051578524410724635 134
1561944157992 0.049993445026874535 135
1561944158001 0.05279563781023025 136
1561944158011 0.05247852639555932 137
1561944158020 0.05393130196928978 138
1561944158030 0.05373725771307946 139
1561944158039 0.05077419333457947 140
1561944158049 0.05372334457933903 141
1561944158059 0.05207068749070168 142
1561944158069 0.053215330898761744 143
1561944158091 0.053119171759486196 144
1561944158104 0.05452122660875321 145
1561944158114 0.05432080186009407 146
1561944158124 0.05393430063724518 147
1561944158134 0.054341593128442764 148
1561944158143 0.056112843921780585 149
1561944158153 0.054646738415956506 150
1561944158163 0.05667118611037731 151
1561944158172 0.05749534600973129 152
1561944158182 0.055515822252631186 153
1561944158191 0.05584060302972793 154
1561944158201 0.056468646785616874 155
1561944158211 0.057515512323379515 156
1561944158220 0.057051126849651336 157
1561944158230 0.0561050080627203 158
1561944158240 0.05582195635735989 159
1561944158249 0.05566251533031464 160
1561944158259 0.057411496397852896 161
1561944158269 0.059178869542479515 162
1561944158278 0.057361622938513754 163
1561944158288 0.059294309797883034 164
1561944158297 0.05787560895681381 165
1561944158307 0.05930459506213666 166
1561944158317 0.05903492907881737 167
1561944158326 0.058755026125907904 168
1561944158336 0.05810790298581123 169
1561944158346 0.05789585226476192 170
1561944158356 0.05802984586954117 171
1561944158365 0.06032556407153606 172
1561944158375 0.06034524559974671 173
1561944158385 0.058859544408321376 174
1561944158394 0.060839631095528604 175
1561944158404 0.06034829040765762 176
1561944158414 0.06093431568145752 177
1561944158423 0.06161987308263778 178
1561944158433 0.06133578374683857 179
1561944158443 0.060847742602229124 180
1561944158452 0.06014682200551033 181
1561944158462 0.05942086262106895 182
1561944158472 0.061734287622570994 183
1561944158481 0.06039947972893714 184
1561944158491 0.0609487006932497 185
1561944158501 0.0608253758430481 186
1561944158511 0.060513936275243756 187
1561944158520 0.05980795396268368 188
1561944158530 0.060802452191710474 189
1561944158540 0.061961462923884394 190
1561944158550 0.062399796015024184 191
1561944158559 0.06340863443911075 192
1561944158569 0.06312749353051186 193
1561944158579 0.0631252822726965 194
1561944158589 0.06230030700862407 195
1561944158598 0.06290113653838633 196
1561944158608 0.06196405202746391 197
1561944158618 0.06392524262070655 198
1561944158628 0.062359316086769104 199
