1561944153117 2.6667270446777342 0
1561944153126 1.752047579574585 1
1561944153134 1.2491061447143554 2
1561944153143 0.9722159182548523 3
1561944153151 0.7984812280654907 4
1561944153160 0.6743347039222717 5
1561944153168 0.589116318321228 6
1561944153177 0.5236353182792663 7
1561944153185 0.4798248113155365 8
1561944153194 0.43930068130493166 9
1561944153202 0.40588618330955506 10
1561944153211 0.38423074417114256 11
1561944153219 0.35232495017051696 12
1561944153228 0.3371339848995209 13
1561944153236 0.3182120474338532 14
1561944153245 0.30710434012413024 15
1561944153253 0.28984088020324705 16
1561944153261 0.2749138015270233 17
1561944153270 0.26343190689086915 18
1561944153279 0.25754910893440247 19
1561944153287 0.24627577304840087 20
1561944153296 0.23505133790969848 21
1561944153304 0.22835998115539552 22
1561944153313 0.2180199594259262 23
1561944153321 0.21344100682735442 24
1561944153330 0.2102205894947052 25
1561944153338 0.19978308639526368 26
1561944153347 0.19575617301464082 27
1561944153355 0.19162083015441894 28
1561944153364 0.18401170468330383 29
1561944153372 0.18357592442035675 30
1561944153381 0.1739248435497284 31
1561944153390 0.17488414654731751 32
1561944153398 0.1699446779489517 33
1561944153407 0.16244829494953156 34
1561944153416 0.1557618384361267 35
1561944153424 0.15986680793762206 36
1561944153433 0.1526643806695938 37
1561944153441 0.1501955093383789 38
1561944153450 0.14529779059886933 39
1561944153458 0.14505781180858612 40
1561944153467 0.14243202815055847 41
1561944153475 0.13563230571746826 42
1561944153484 0.13094263207912446 43
1561944153492 0.12920437321662903 44
1561944153501 0.12680310034751893 45
1561944153509 0.12980206257104873 46
1561944153518 0.12082463389635086 47
1561944153527 0.12290866787433624 48
1561944153535 0.11969522421360015 49
1561944153544 0.11755380427837372 50
1561944153552 0.11511100405454636 51
1561944153561 0.11328793472051621 52
1561944153569 0.11102931272983552 53
1561944153578 0.10804071942567825 54
1561944153586 0.10649142098426818 55
1561944153595 0.10369309647083283 56
1561944153603 0.10361222836971283 57
1561944153612 0.10387927186489106 58
1561944153621 0.09880164496898651 59
1561944153630 0.09713469146490097 60
1561944153638 0.09544557820558548 61
1561944153647 0.09294731582403183 62
1561944153655 0.09169040554761887 63
1561944153664 0.08905842936038971 64
1561944153672 0.08958076643943787 65
1561944153681 0.08874150077104569 66
1561944153690 0.08696626015901565 67
1561944153698 0.08228080401420593 68
1561944153707 0.08133930788040161 69
1561944153716 0.08171015928983688 70
1561944153724 0.07815548248291015 71
1561944153733 0.08097406574487687 72
1561944153741 0.0790046972155571 73
1561944153750 0.07456778503656387 74
1561944153758 0.0783541219830513 75
1561944153767 0.0769472396016121 76
1561944153775 0.07463870441913605 77
1561944153784 0.07171880373954773 78
1561944153793 0.06690322517156601 79
1561944153801 0.07166715213060379 80
1561944153810 0.06964311134815217 81
1561944153819 0.06868792859315873 82
1561944153827 0.0691880693256855 83
1561944153836 0.06750810294151306 84
1561944153844 0.06333693615198135 85
1561944153853 0.06536731387376785 86
1561944153862 0.06123121017217636 87
1561944153870 0.06072805124521256 88
1561944153879 0.06168928728699684 89
1561944153887 0.06088343034386635 90
1561944153896 0.06047968330383301 91
1561944153905 0.06174524295330048 92
1561944153913 0.058234003680944446 93
1561944153922 0.05705824514627457 94
1561944153931 0.05432498310804367 95
1561944153939 0.05571527839899063 96
1561944153948 0.053565369981527326 97
1561944153957 0.05357010378241539 98
1561944153965 0.05267485411167145 99
1561944153974 0.05353290509581566 100
1561944153982 0.0507610426902771 101
1561944153991 0.04898410187363625 102
1561944154000 0.049727054011821745 103
1561944154009 0.04830649692416191 104
1561944154018 0.04793061883449554 105
1561944154026 0.04621472781896591 106
1561944154035 0.04576908568143845 107
1561944154044 0.04908405669927597 108
1561944154052 0.04759582072496414 109
1561944154061 0.04607538668513298 110
1561944154069 0.04404612526893616 111
1561944154081 0.042523902601003645 112
1561944154091 0.0432616869866848 113
1561944154099 0.04296597643494606 114
1561944154108 0.04159226102828979 115
1561944154118 0.042356735497713086 116
1561944154127 0.04110393934249878 117
1561944154136 0.03922474963665008 118
1561944154144 0.037976058489084245 119
1561944154153 0.03892755483388901 120
1561944154162 0.04043478166460991 121
1561944154171 0.03865180694758892 122
1561944154179 0.03801290737390518 123
1561944154188 0.03601619867682457 124
1561944154197 0.03883825853466988 125
1561944154206 0.03567050844430923 126
1561944154214 0.03604679283499718 127
1561944154223 0.036097463661432266 128
1561944154232 0.03692927846312523 129
1561944154241 0.03587712944447994 130
1561944154249 0.03495774295926094 131
1561944154258 0.03419772973060608 132
1561944154267 0.03584440150260925 133
1561944154276 0.03337707895040512 134
1561944154284 0.035003196728229526 135
1561944154293 0.031885091280937194 136
1561944154302 0.032021289366483685 137
1561944154311 0.030152889055013656 138
1561944154319 0.029960713452100753 139
1561944154328 0.03245035107135773 140
1561944154337 0.029401197776198387 141
1561944154346 0.031079543989896773 142
1561944154354 0.029995869219303133 143
1561944154363 0.030290033975243567 144
1561944154372 0.02925021961927414 145
1561944154381 0.029495448166131973 146
1561944154390 0.029689434850215912 147
1561944154398 0.02916430963873863 148
1561944154407 0.02756838227212429 149
1561944154416 0.02918482148051262 150
1561944154425 0.027261155048012735 151
1561944154434 0.026043241024017335 152
1561944154443 0.027818052688241005 153
1561944154452 0.027548811995983125 154
1561944154461 0.026668720582127572 155
1561944154469 0.02556367757320404 156
1561944154478 0.026025254356861115 157
1561944154487 0.02707043952047825 158
1561944154496 0.027031986871361734 159
1561944154504 0.026719181966781615 160
1561944154513 0.02483837628662586 161
1561944154522 0.02322750968039036 162
1561944154531 0.02494032507240772 163
1561944154540 0.022771841344237327 164
1561944154549 0.02401880815029144 165
1561944154558 0.022762109985947607 166
1561944154567 0.02324969841837883 167
1561944154576 0.02287700275182724 168
1561944154584 0.022944825905561447 169
1561944154593 0.022727208676934244 170
1561944154602 0.022534920597076416 171
1561944154611 0.020437255457043647 172
1561944154619 0.021017578125 173
1561944154629 0.0229491294503212 174
1561944154637 0.02097222237288952 175
1561944154646 0.021677954828739167 176
1561944154655 0.021309395551681518 177
1561944154664 0.02032667156457901 178
1561944154673 0.020340217623114585 179
1561944154682 0.020342137649655343 180
1561944154691 0.020447202771902085 181
1561944154699 0.021184468680620194 182
1561944154708 0.019359046158194542 183
1561944154717 0.02060116578936577 184
1561944154726 0.019297021421790125 185
1561944154735 0.019367825758457184 186
1561944154744 0.019920124357938766 187
1561944154753 0.020719115605950356 188
1561944154762 0.01968563087284565 189
1561944154771 0.018577946594357492 190
1561944154780 0.01808380495905876 191
1561944154789 0.01744821397960186 192
1561944154798 0.01821616670489311 193
1561944154807 0.018303187146782876 194
1561944154815 0.018842537847161292 195
1561944154824 0.017754232743382455 196
1561944154833 0.018143905514478684 197
1561944154842 0.01580796830058098 198
1561944154851 0.017724525475502014 199
