1561932095266 0.9280500000317892 0
1561932095274 0.98235 1
1561932095282 0.9887166666348776 2
1561932095289 0.99155 3
1561932095297 0.9934833333333334 4
1561932095304 0.9948333333015442 5
1561932095312 0.9962666666666666 6
1561932095320 0.9972333333015442 7
1561932095327 0.9977833333333334 8
1561932095335 0.9983166666348775 9
1561932095342 0.9982 10
1561932095350 0.99815 11
1561932095358 0.9986166666666667 12
1561932095365 0.9988666666666667 13
1561932095373 0.9992166666666666 14
1561932095381 0.9991666666348775 15
1561932095388 0.99845 16
1561932095396 0.9990166666348775 17
1561932095404 0.99885 18
1561932095411 0.99935 19
1561932095419 0.9989 20
1561932095427 0.9992166666666666 21
1561932095434 0.9993166666666666 22
1561932095442 0.9993 23
1561932095450 0.99925 24
1561932095457 0.9990166666666667 25
1561932095465 0.9992666666666666 26
1561932095473 0.9994166666666666 27
1561932095480 0.9987833333333334 28
1561932095488 0.99935 29
1561932095496 0.9995333333333334 30
1561932095503 0.9993666666666666 31
1561932095511 0.9990166666666667 32
1561932095519 0.9996833333333334 33
1561932095526 0.9990833333333333 34
1561932095534 0.9993666666666666 35
1561932095542 0.99935 36
1561932095549 0.9993666666666666 37
1561932095557 0.9992666666348775 38
1561932095565 0.999 39
1561932095572 0.9994666666666666 40
1561932095580 0.9996666666666667 41
1561932095588 0.99955 42
1561932095596 0.9996666666666667 43
1561932095604 0.9996666666666667 44
1561932095612 0.9996166666666667 45
1561932095619 0.9993833333333333 46
1561932095627 0.99935 47
1561932095635 0.99945 48
1561932095643 0.9994166666666666 49
1561932095650 0.99945 50
1561932095658 0.9995166666666667 51
1561932095666 0.9994666666666666 52
1561932095674 0.9996 53
1561932095681 0.9997666666666667 54
1561932095689 0.9996666666666667 55
1561932095697 0.9997166666666667 56
1561932095704 0.99955 57
1561932095712 0.9992166666666666 58
1561932095720 0.9995666666666667 59
1561932095727 0.9994166666666666 60
1561932095735 0.9992833333333333 61
1561932095743 0.9993666666666666 62
1561932095750 0.9996166666666667 63
1561932095758 0.9997999999682109 64
1561932095766 0.9993 65
1561932095774 0.9995166666666667 66
1561932095782 0.99975 67
1561932095789 0.9998 68
1561932095797 0.9997833333333334 69
1561932095805 0.9998 70
1561932095812 0.99975 71
1561932095820 0.9996333333333334 72
1561932095828 0.9995 73
1561932095836 0.9996833333333334 74
1561932095844 0.9997833333333334 75
1561932095851 0.9997 76
1561932095859 0.9996 77
1561932095867 0.9997 78
1561932095875 0.9996166666666667 79
1561932095882 0.9997166666666667 80
1561932095890 0.9997499999682109 81
1561932095898 0.9989499999682109 82
1561932095906 0.9992166666666666 83
1561932095914 0.9996166666666667 84
1561932095921 0.9997166666666667 85
1561932095929 0.99985 86
1561932095937 0.9998333333333334 87
1561932095945 0.99985 88
1561932095953 0.9996833333333334 89
1561932095961 0.99975 90
1561932095969 0.9997333333333334 91
1561932095976 0.9998333333333334 92
1561932095984 0.9996 93
1561932095992 0.9995333333333334 94
1561932096000 0.9998 95
1561932096008 0.9999 96
1561932096016 0.9999166666666667 97
1561932096023 0.99975 98
1561932096031 0.9997833333333334 99
