1561932094497 0.24065056047836939 0
1561932094504 0.06252617512941361 1
1561932094512 0.04017106178601583 2
1561932094520 0.030327912494540213 3
1561932094527 0.02243968651096026 4
1561932094535 0.0184122431486845 5
1561932094542 0.014288171524802844 6
1561932094550 0.011578366595506668 7
1561932094557 0.009666213223089774 8
1561932094565 0.00750892640252908 9
1561932094572 0.007723826083044211 10
1561932094580 0.007086099992195765 11
1561932094588 0.005926072350392739 12
1561932094595 0.004606353089958429 13
1561932094603 0.003966110506219168 14
1561932094611 0.0038710050721963247 15
1561932094618 0.005674943546454112 16
1561932094626 0.00433342253168424 17
1561932094633 0.004309157250573238 18
1561932094641 0.0030594779221961898 19
1561932094649 0.003807481532295545 20
1561932094656 0.0035916918385618677 21
1561932094664 0.00297623840951516 22
1561932094672 0.002823411977508416 23
1561932094679 0.0028328762176136175 24
1561932094687 0.003752421327106034 25
1561932094695 0.0028120929488213734 26
1561932094702 0.0027209355362380542 27
1561932094710 0.004044801529869437 28
1561932094718 0.0025408933461333314 29
1561932094725 0.0021566050477015474 30
1561932094733 0.0023029477908276023 31
1561932094740 0.003018524978061517 32
1561932094748 0.0016834726793691515 33
1561932094756 0.00285087393609186 34
1561932094764 0.0020903186773958927 35
1561932094772 0.002052974037732929 36
1561932094779 0.0022432973515242338 37
1561932094787 0.0022057832196975746 38
1561932094795 0.003003752668512364 39
1561932094802 0.0022722893468104305 40
1561932094810 0.001443665223774345 41
1561932094818 0.0017739215504998962 42
1561932094825 0.0011926649554011722 43
1561932094833 0.0011718035241278508 44
1561932094841 0.0013333284596155864 45
1561932094849 0.0020166641315018446 46
1561932094857 0.0020996714050493513 47
1561932094864 0.002202189151135584 48
1561932094872 0.001909065050825787 49
1561932094880 0.001896631351633308 50
1561932094887 0.0016093276961628969 51
1561932094895 0.001932836215182518 52
1561932094903 0.0014660368318669499 53
1561932094910 0.0009218200451073548 54
1561932094918 0.0013811375757368902 55
1561932094926 0.000938854672635595 56
1561932094934 0.001412409409120058 57
1561932094941 0.0023244838390809796 58
1561932094949 0.0017811780985755225 59
1561932094957 0.0016814487096096856 60
1561932094964 0.001919799811920772 61
1561932094972 0.0019844848465407267 62
1561932094980 0.0011140899914627274 63
1561932094988 0.0007217171126355727 64
1561932094996 0.0019586912373701732 65
1561932095004 0.0013531789083344242 66
1561932095011 0.0009024412439903244 67
1561932095019 0.0007341030596600224 68
1561932095027 0.000714353160521326 69
1561932095035 0.0006878337173509256 70
1561932095042 0.0008656545011540099 71
1561932095050 0.001444618432514835 72
1561932095058 0.0015163996281703778 73
1561932095066 0.0010742553319316357 74
1561932095073 0.0008621758708536315 75
1561932095083 0.0009354664404449674 76
1561932095091 0.0014581646706986551 77
1561932095099 0.0009562816316407407 78
1561932095106 0.0010870074549418254 79
1561932095114 0.0009454699042408417 80
1561932095122 0.0008611113319949557 81
1561932095129 0.0027491118592210114 82
1561932095137 0.0026231163281947374 83
1561932095145 0.0013429649763827911 84
1561932095152 0.0009411009363090368 85
1561932095160 0.0006593852866906673 86
1561932095168 0.0005533310423847676 87
1561932095175 0.0005833782827384615 88
1561932095183 0.0007958096115782003 89
1561932095191 0.000786018684120063 90
1561932095198 0.0007978136403583145 91
1561932095206 0.0005710000477265566 92
1561932095213 0.001094620090086634 93
1561932095221 0.0014600902608057369 94
1561932095228 0.0007058813302350852 95
1561932095236 0.00039367827427219405 96
1561932095243 0.0003343444236961659 97
1561932095251 0.000890942835675863 98
1561932095259 0.0005736753816871594 99
