1561883867829 0.9544499999682109 0
1561883867837 0.9839666666666667 1
1561883867845 0.9893333333015442 2
1561883867853 0.99145 3
1561883867860 0.9936333333333334 4
1561883867868 0.9938166666348776 5
1561883867875 0.9948166666666667 6
1561883867883 0.9965666666348775 7
1561883867891 0.9966833333015442 8
1561883867898 0.99655 9
1561883867906 0.9967666666666667 10
1561883867914 0.9967999999682109 11
1561883867921 0.9976666666348776 12
1561883867929 0.9982166666666666 13
1561883867937 0.9978833333651225 14
1561883867944 0.9976 15
1561883867952 0.9980833333333333 16
1561883867960 0.9982166666666666 17
1561883867967 0.9984 18
1561883867975 0.9984666666666666 19
