1561883867663 0.15419114401936532 0
1561883867672 0.05432800872723262 1
1561883867680 0.0367831667304039 2
1561883867688 0.028287318098545074 3
1561883867697 0.021225557316591342 4
1561883867705 0.018509496992702285 5
1561883867714 0.016641831476738055 6
1561883867722 0.011619418070527415 7
1561883867731 0.010937888744349282 8
1561883867739 0.010184369102617104 9
1561883867747 0.009583860497611264 10
1561883867756 0.009333799800525108 11
1561883867764 0.007189440157823265 12
1561883867772 0.005662173027917743 13
1561883867781 0.006164227705635131 14
1561883867789 0.007943795000280564 15
1561883867798 0.005225303889415227 16
1561883867806 0.005565835677421031 17
1561883867814 0.004565894172379436 18
1561883867822 0.004493953963462263 19
