1561934893641 0.28686666941642763 0
1561934893650 0.6705833299954732 1
1561934893658 0.7876333441098531 2
1561934893667 0.8337000054041545 3
1561934893675 0.861583322874705 4
1561934893685 0.8784833462715149 5
1561934893693 0.8917499899228414 6
1561934893702 0.8997666703859964 7
1561934893711 0.9080500066757202 8
1561934893720 0.9166666725794475 9
1561934893729 0.9231333359718322 10
1561934893737 0.9284999876658122 11
1561934893746 0.9325833222707113 12
1561934893755 0.9376666627248128 13
1561934893763 0.9415166567166646 14
1561934893771 0.9439999906857809 15
1561934893780 0.9475500106811523 16
1561934893788 0.9519833375930786 17
1561934893797 0.9541333205540975 18
1561934893806 0.9560166740735372 19
1561934893814 0.9579833399136861 20
1561934893823 0.9605333293279013 21
1561934893832 0.9621833208084106 22
1561934893840 0.9644166583061218 23
1561934893849 0.9660500054041544 24
1561934893857 0.9674333304087321 25
1561934893865 0.9678833241780599 26
1561934893874 0.9698000033378601 27
1561934893882 0.9711833316802978 28
1561934893890 0.9724499944051107 29
1561934893899 0.9730833269119262 30
1561934893907 0.9741499919255574 31
1561934893916 0.9750999927520752 32
1561934893924 0.9757166744232177 33
1561934893932 0.975933338578542 34
1561934893941 0.9765999958992004 35
1561934893949 0.977533339214325 36
1561934893958 0.9791999882062277 37
1561934893966 0.9791666659037273 38
1561934893975 0.9793833234151205 39
1561934893983 0.9802333419481913 40
1561934893992 0.9807499925931294 41
1561934894000 0.98161665614446 42
1561934894009 0.982049998219808 43
1561934894018 0.9827166790326436 44
1561934894026 0.982849990940094 45
1561934894035 0.9835333253224691 46
1561934894044 0.9839499882380167 47
1561934894053 0.9847166532516479 48
1561934894062 0.9847333409309387 49
1561934894070 0.9843500067710876 50
1561934894082 0.9851333203315735 51
1561934894090 0.9863333274205526 52
1561934894099 0.9857999907493591 53
1561934894107 0.9861166538874309 54
1561934894116 0.9864333209673564 55
1561934894124 0.9861166757265727 56
1561934894133 0.9868333453178406 57
1561934894142 0.9874333209673564 58
1561934894152 0.9874666740735372 59
1561934894162 0.9873833220163981 60
1561934894171 0.9873833315849304 61
1561934894181 0.9881500084559123 62
1561934894189 0.9889499905586243 63
1561934894199 0.9887666769981385 64
1561934894208 0.9889833280563355 65
1561934894216 0.9896166715939839 66
1561934894225 0.9889833409627279 67
1561934894234 0.9894500122070312 68
1561934894242 0.9896999999364217 69
1561934894251 0.9895999866167704 70
1561934894260 0.9897833249409993 71
1561934894270 0.989999995358785 72
1561934894279 0.9904666688919067 73
1561934894288 0.991249988079071 74
1561934894297 0.9902500117937724 75
1561934894306 0.9910499899546306 76
1561934894315 0.9907833199501037 77
1561934894325 0.9916000009854634 78
1561934894334 0.9909166726430257 79
1561934894343 0.9915999895413716 80
1561934894353 0.9922666618347168 81
1561934894361 0.9920333274523417 82
1561934894370 0.9921333205858867 83
1561934894379 0.9921166649500529 84
1561934894388 0.9922333339055379 85
1561934894397 0.9930333312034607 86
1561934894406 0.9929500089009603 87
1561934894415 0.9925166736920674 88
1561934894423 0.9926833380699158 89
1561934894432 0.992950013478597 90
1561934894441 0.9930833239237468 91
1561934894449 0.9932499878883362 92
1561934894458 0.9933333422342936 93
1561934894466 0.9937833349545797 94
1561934894475 0.9931000093142192 95
1561934894484 0.9932666641235351 96
1561934894492 0.9933499966303507 97
1561934894501 0.9939666537284851 98
1561934894510 0.9942500122388204 99
