1561934892752 2.1758786332448325 0
1561934892760 1.022054940954844 1
1561934892768 0.6965991525650025 2
1561934892776 0.5600860253016154 3
1561934892784 0.47378440755208334 4
1561934892792 0.4184489219347636 5
1561934892800 0.37914505515098573 6
1561934892813 0.34597555333773294 7
1561934892830 0.31637434403101605 8
1561934892847 0.2933750293413798 9
1561934892855 0.27200351587931315 10
1561934892865 0.2552967276414235 11
1561934892873 0.2395993791659673 12
1561934892885 0.22404282987912497 13
1561934892902 0.2094219792763392 14
1561934892919 0.20145995439688363 15
1561934892928 0.18882270245552063 16
1561934892935 0.17862110815842946 17
1561934892943 0.1700172251701355 18
1561934892951 0.16175998368263245 19
1561934892959 0.15351264734268188 20
1561934892967 0.14641457024415333 21
1561934892975 0.1394041642665863 22
1561934892983 0.13257323127587636 23
1561934892991 0.12731896000703175 24
1561934892999 0.12169711070855459 25
1561934893007 0.1184712890346845 26
1561934893015 0.11150249746640523 27
1561934893023 0.10792182644208272 28
1561934893031 0.10478451834917069 29
1561934893039 0.09985626520315806 30
1561934893047 0.09667631018161774 31
1561934893055 0.09466724038124084 32
1561934893063 0.09102703710397085 33
1561934893071 0.08911446541547775 34
1561934893081 0.08605159169038137 35
1561934893090 0.08431130842367808 36
1561934893098 0.07990852042833964 37
1561934893106 0.07804612530867258 38
1561934893114 0.07600141646464666 39
1561934893123 0.07510544887781143 40
1561934893131 0.07147715771993002 41
1561934893140 0.06993558138211568 42
1561934893149 0.06796961245536805 43
1561934893158 0.06629622239669164 44
1561934893166 0.06501411830584208 45
1561934893175 0.06286601579586665 46
1561934893183 0.06206063264608383 47
1561934893192 0.060093852464358014 48
1561934893200 0.05803626981576284 49
1561934893210 0.057910388016700745 50
1561934893221 0.0563406031092008 51
1561934893229 0.054130587337414424 52
1561934893237 0.054068638654549916 53
1561934893245 0.05392074445088704 54
1561934893254 0.052286678045988084 55
1561934893262 0.0516272659321626 56
1561934893273 0.05029317901134491 57
1561934893281 0.0486355707347393 58
1561934893289 0.04852053596973419 59
1561934893297 0.04712111993630727 60
1561934893305 0.04713149374723435 61
1561934893314 0.045624360330899554 62
1561934893322 0.044182970601320266 63
1561934893330 0.04357971178690592 64
1561934893338 0.04325445229212443 65
1561934893346 0.04218296243747075 66
1561934893354 0.042055471581220624 67
1561934893363 0.040756677303711575 68
1561934893371 0.040535504039128624 69
1561934893379 0.04059026835759481 70
1561934893387 0.03924548735022545 71
1561934893395 0.03897333841522534 72
1561934893403 0.03812495581706365 73
1561934893411 0.03657588339646657 74
1561934893420 0.03682181644638379 75
1561934893430 0.03602642855842908 76
1561934893438 0.03532270427147548 77
1561934893448 0.0343493809401989 78
1561934893457 0.034960829160610836 79
1561934893466 0.03392723442117373 80
1561934893474 0.032392091037829716 81
1561934893483 0.032438695444663365 82
1561934893492 0.03195364603201548 83
1561934893500 0.031673604273796084 84
1561934893508 0.03134153901338577 85
1561934893517 0.030272710937261582 86
1561934893526 0.029772662956515948 87
1561934893535 0.030173726801077525 88
1561934893543 0.02961816374361515 89
1561934893552 0.028515513024727504 90
1561934893561 0.02867558110654354 91
1561934893570 0.027976519405841827 92
1561934893578 0.027664534453550976 93
1561934893587 0.02717031054099401 94
1561934893596 0.02787719512283802 95
1561934893605 0.026976651603976887 96
1561934893614 0.026583581591645877 97
1561934893623 0.025768116360902787 98
1561934893632 0.02518277605175972 99
