1561884986749 0.9468166666666666 0
1561884986757 0.9804166666666667 1
1561884986765 0.9831166666666666 2
1561884986772 0.9865833333333334 3
1561884986780 0.9878 4
1561884986788 0.9891166666666666 5
1561884986796 0.9900166666666667 6
1561884986803 0.9913 7
1561884986811 0.9914166666666666 8
1561884986818 0.993 9
1561884986826 0.99405 10
1561884986834 0.9938333333333333 11
1561884986842 0.9943333333333333 12
1561884986849 0.9948666666666667 13
1561884986857 0.9950166666666667 14
1561884986865 0.9955833333333334 15
1561884986873 0.9959333333333333 16
1561884986881 0.9958333333333333 17
1561884986888 0.9961 18
1561884986896 0.9959333333333333 19
