1561884986593 0.18518625681002934 0
1561884986601 0.06767575567464033 1
1561884986610 0.056504222997277975 2
1561884986618 0.04555906376938025 3
1561884986626 0.03902310369064411 4
1561884986634 0.03601082747578621 5
1561884986642 0.030558220030367376 6
1561884986650 0.026734865476594618 7
1561884986657 0.025700094346003607 8
1561884986665 0.02238771581960221 9
1561884986672 0.018869954189285637 10
1561884986680 0.01875337526399332 11
1561884986688 0.016800758110483486 12
1561884986695 0.015785049834048066 13
1561884986703 0.014973476872453467 14
1561884986711 0.01354618639354594 15
1561884986718 0.012753526900355548 16
1561884986726 0.012639057506795507 17
1561884986734 0.01167238778975637 18
1561884986742 0.011429013385425787 19
