1561883641893 0.9622333333333334 0
1561883641902 0.9807 1
1561883641910 0.9857666666666667 2
1561883641919 0.9886333333333334 3
1561883641927 0.9904833333333334 4
1561883641936 0.9911166666666666 5
1561883641944 0.9927 6
1561883641953 0.9939166666666667 7
1561883641961 0.9938333333333333 8
1561883641969 0.9951833333333333 9
1561883641977 0.9960166666666667 10
1561883641985 0.99555 11
1561883641993 0.9962333333333333 12
1561883642001 0.99595 13
1561883642008 0.9963166666666666 14
1561883642016 0.9965833333333334 15
1561883642024 0.99725 16
1561883642031 0.99715 17
1561883642039 0.9972333333333333 18
1561883642047 0.9974 19
