1561883641723 0.12871990692752103 0
1561883641731 0.06052059639624009 1
1561883641740 0.044411492375625916 2
1561883641748 0.034858281865001964 3
1561883641757 0.030786867367107576 4
1561883641765 0.02697662238017656 5
1561883641774 0.022608989475636432 6
1561883641782 0.01936617402213839 7
1561883641791 0.018942908015071105 8
1561883641799 0.014474615658049394 9
1561883641808 0.012671713977245962 10
1561883641816 0.013798318395522317 11
1561883641825 0.011392547156250415 12
1561883641834 0.011716012113124574 13
1561883641842 0.010404814901818705 14
1561883641851 0.00982772388975815 15
1561883641859 0.008083203499885349 16
1561883641867 0.009226068309645416 17
1561883641876 0.008508773521301615 18
1561883641885 0.008082956120570877 19
