1561937340116 0.3385000011444092 0
1561937340125 0.7190999980926513 1
1561937340134 0.8171000052452088 2
1561937340142 0.8615999953269958 3
1561937340151 0.8835999992370606 4
1561937340160 0.9014000034332276 5
1561937340169 0.9107000019073487 6
1561937340179 0.9228999971389771 7
1561937340188 0.9285000036239625 8
1561937340197 0.9365000010490417 9
1561937340205 0.9439000032424927 10
1561937340214 0.9509999962806701 11
1561937340223 0.9512999981880188 12
1561937340232 0.9597000001907349 13
1561937340241 0.9620999948501587 14
1561937340250 0.9659000016212463 15
1561937340259 0.9663000030517578 16
1561937340270 0.9709000044822693 17
1561937340280 0.9725000026702881 18
1561937340289 0.9744000008583069 19
