1561937339932 2.040340966796875 0
1561937339941 0.900463987827301 1
1561937339951 0.6029108468055725 2
1561937339960 0.47780489239692686 3
1561937339970 0.4084583960056305 4
1561937339979 0.3543821497917175 5
1561937339989 0.31046723008155824 6
1561937339998 0.27752712469100954 7
1561937340008 0.24842591202259065 8
1561937340017 0.22828462653160095 9
1561937340026 0.2085357842206955 10
1561937340035 0.1871883545398712 11
1561937340044 0.17825047795772553 12
1561937340053 0.15689902398586272 13
1561937340061 0.14751857709884644 14
1561937340070 0.13415220886468887 15
1561937340081 0.12847209174633026 16
1561937340090 0.1167490460395813 17
1561937340099 0.11349009038209915 18
1561937340108 0.10182672024965286 19
