1561883959326 0.9284833333651225 0
1561883959335 0.9812333333333333 1
1561883959343 0.9879666666984558 2
1561883959352 0.9906166666348776 3
1561883959360 0.9934166666984559 4
1561883959369 0.9947333333333334 5
1561883959378 0.99585 6
1561883959387 0.9966166666666667 7
1561883959395 0.9966166666666667 8
1561883959405 0.9976999999682109 9
1561883959413 0.9984333333333333 10
1561883959423 0.9984999999682108 11
1561883959431 0.9987333333333334 12
1561883959440 0.9987166666348776 13
1561883959449 0.9981666666348775 14
1561883959457 0.9980499999682109 15
1561883959466 0.9986166666348775 16
1561883959479 0.9986166666666667 17
1561883959487 0.9990666666666667 18
1561883959496 0.9991333333333333 19
