1561883959142 0.24226980458498001 0
1561883959150 0.06565209635694821 1
1561883959159 0.04377616280118624 2
1561883959168 0.033327001484235126 3
1561883959177 0.02499218406478564 4
1561883959185 0.020426322435339293 5
1561883959194 0.015841666820645334 6
1561883959204 0.013491440733522177 7
1561883959215 0.012104811787915726 8
1561883959225 0.00869782129873832 9
1561883959234 0.007212098149955272 10
1561883959244 0.006308154412607352 11
1561883959252 0.005721156230444709 12
1561883959265 0.005295498227079709 13
1561883959275 0.0067283156002561255 14
1561883959284 0.00669339328110218 15
1561883959292 0.005369188995162646 16
1561883959300 0.005388130415293077 17
1561883959309 0.003877384167381873 18
1561883959317 0.0034548099492986996 19
