1561959236716 0.6224292 0
1561959236731 0.89179355 1
1561959236747 0.9338867 2
1561959236764 0.950932 3
1561959236779 0.9578325 4
1561959236795 0.9637086 5
1561959236810 0.97360027 6
1561959236825 0.9720052 7
1561959236842 0.9743164 8
1561959236858 0.9761952 9
1561959236873 0.9763288 10
1561959236889 0.9793002 11
1561959236902 0.9795673 12
1561959236911 0.98220485 13
1561959236920 0.98156524 14
1561959236930 0.98398435 15
1561959236939 0.98320645 16
1561959236948 0.9832732 17
1561959236957 0.9853766 18
1561959236966 0.98577476 19
1561959236975 0.984375 20
1561959236985 0.9858827 21
1561959236994 0.98617786 22
1561959237003 0.98651177 23
1561959237012 0.98751336 24
1561959237022 0.9869792 25
1561959237031 0.98874867 26
1561959237040 0.9873047 27
1561959237049 0.98741317 28
1561959237058 0.9884482 29
1561959237068 0.9893162 30
1561959237081 0.9891159 31
1561959237094 0.98874867 32
1561959237104 0.9885742 33
1561959237113 0.989926 34
1561959237122 0.9893496 35
1561959237131 0.98914933 36
1561959237140 0.9909188 37
1561959237149 0.98977864 38
1561959237158 0.98988384 39
1561959237167 0.99037147 40
1561959237176 0.9906901 41
1561959237185 0.9905085 42
1561959237194 0.99003905 43
1561959237203 0.99038464 44
1561959237213 0.9905085 45
1561959237222 0.9905924 46
1561959237231 0.9908186 47
1561959237240 0.9909856 48
1561959237249 0.99153644 49
