1561959238102 0.24552285345191627 0
1561959238110 0.7720195097801013 1
1561959238119 0.7838051011164983 2
1561959238127 0.7825297433294749 3
1561959238135 0.617999105499341 4
1561959238144 0.5148696607758856 5
1561959238152 0.33516990741093955 6
1561959238161 0.25994247509199275 7
1561959238170 0.160011167327563 8
1561959238178 0.08518140240866914 9
1561959238187 0.05413202251124587 10
1561959238195 0.02608700225241163 11
1561959238204 0.02635868652763529 12
1561959238212 0.007983009186055934 13
1561959238221 0.004491462037294058 14
1561959238229 -0.005920810500780742 15
1561959238238 -0.00825718668663604 16
1561959238246 -0.019424867119767472 17
1561959238255 -0.017231321271158687 18
1561959238264 -0.016606592138608295 19
1561959238272 -0.02222350511031273 20
1561959238281 -0.01950670069965877 21
1561959238289 -0.02235234431349314 22
1561959238298 -0.011587658304816638 23
1561959238307 -0.024338130369527727 24
1561959238315 -0.014965886434810796 25
1561959238324 -0.01566201508638218 26
1561959238332 -0.014323989426096279 27
1561959238341 -0.017685368308463158 28
1561959238349 -0.005225864594054018 29
1561959238358 -0.01640404416964604 30
1561959238366 -0.017366727403341196 31
1561959238375 -0.018254836400349937 32
1561959238383 -0.00718355476856232 33
1561959238392 -0.003751181242497341 34
1561959238400 -0.012535773563143022 35
1561959238409 -0.015420607173353688 36
1561959238417 -0.0119345520519548 37
1561959238426 -0.017539866516987482 38
1561959238435 -0.009853298615059278 39
1561959238444 -0.013150000974143806 40
1561959238452 -0.014882644576330976 41
1561959238461 -0.014431189565935677 42
1561959238469 -0.014324301853775978 43
1561959238478 -0.006619276959671936 44
1561959238486 -0.007003139315597845 45
1561959238495 -0.010341966586808363 46
1561959238504 -0.012895072515831035 47
1561959238512 -0.01090495756222333 48
1561959238521 -0.010623397367695967 49
