1561959235927 1.1617193731487307 0
1561959235941 0.3847985940101819 1
1561959235956 0.2348665545384089 2
1561959235971 0.17338372884612335 3
1561959235986 0.14588162417595202 4
1561959236000 0.12466219003893371 5
1561959236016 0.09699859420458476 6
1561959236031 0.09618861960214481 7
1561959236054 0.08774718840916952 8
1561959236068 0.079665494716575 9
1561959236087 0.07558683847260271 10
1561959236110 0.06807315667979738 11
1561959236128 0.0688517285972579 12
1561959236142 0.06113115284177992 13
1561959236156 0.06037924053114757 14
1561959236170 0.056470895061890285 15
1561959236184 0.05425633219444854 16
1561959236199 0.05565623264027457 17
1561959236216 0.049350496317841046 18
1561959236241 0.04848761533697446 19
1561959236256 0.05081886100845459 20
1561959236271 0.0467545946961955 21
1561959236286 0.04600785500728167 22
1561959236301 0.04308604687834398 23
1561959236316 0.04266446316216746 24
1561959236331 0.04128217194070164 25
1561959236347 0.03745329335459277 26
1561959236362 0.04247593407829602 27
1561959236377 0.040270597697832644 28
1561959236392 0.038558796589445866 29
1561959236407 0.03606830938504292 30
1561959236423 0.03590787421816435 31
1561959236438 0.038581968595584236 32
1561959236453 0.03575369454920292 33
1561959236470 0.033431386379034894 34
1561959236485 0.03566174225037933 35
1561959236500 0.03320775020262624 36
1561959236516 0.03189605557256275 37
1561959236531 0.0333781527976195 38
1561959236546 0.032619713272294425 39
1561959236561 0.031061250373328988 40
1561959236576 0.033116140340765314 41
1561959236592 0.03189119399247462 42
1561959236607 0.03324822559952736 43
1561959236623 0.03169037896789547 44
1561959236638 0.031284286624245476 45
1561959236654 0.03081460433701674 46
1561959236669 0.031130530576930087 47
1561959236684 0.030261490748733536 48
1561959236700 0.029245750109354655 49
