1561942369948 0.07320000231266022 0
1561942369956 0.6103000044822693 1
1561942369964 0.76419997215271 2
1561942369973 0.8201000094413757 3
1561942369981 0.8468000292778015 4
1561942369989 0.8665000200271606 5
1561942369997 0.8822000026702881 6
1561942370006 0.894599974155426 7
1561942370014 0.9042999744415283 8
1561942370022 0.9124000072479248 9
1561942370031 0.91839998960495 10
1561942370040 0.9239000082015991 11
1561942370048 0.9275000095367432 12
1561942370056 0.932200014591217 13
1561942370065 0.9350000023841858 14
1561942370073 0.9383000135421753 15
1561942370083 0.9401000142097473 16
1561942370092 0.9426000118255615 17
1561942370101 0.9449999928474426 18
1561942370109 0.9469000101089478 19
1561942370117 0.9501000046730042 20
1561942370126 0.9531000256538391 21
1561942370134 0.9545000195503235 22
1561942370143 0.95660001039505 23
1561942370151 0.9585000276565552 24
1561942370159 0.9609000086784363 25
1561942370168 0.9625999927520752 26
1561942370176 0.9639000296592712 27
1561942370185 0.965499997138977 28
1561942370193 0.9667999744415283 29
1561942370201 0.9682000279426575 30
1561942370209 0.9696000218391418 31
1561942370218 0.970300018787384 32
1561942370226 0.9715999960899353 33
1561942370235 0.9728000164031982 34
1561942370243 0.973800003528595 35
1561942370252 0.9750999808311462 36
1561942370260 0.9757999777793884 37
1561942370268 0.9767000079154968 38
1561942370277 0.9775999784469604 39
1561942370285 0.978600025177002 40
1561942370293 0.9793000221252441 41
1561942370302 0.9807999730110168 42
1561942370310 0.9818999767303467 43
1561942370318 0.9828000068664551 44
1561942370327 0.984000027179718 45
1561942370336 0.9853000044822693 46
1561942370344 0.9860000014305115 47
1561942370352 0.9865000247955322 48
1561942370361 0.9869999885559082 49
1561942370369 0.9883999824523926 50
1561942370378 0.9887999892234802 51
1561942370386 0.9897000193595886 52
1561942370394 0.9901000261306763 53
1561942370403 0.9902999997138977 54
1561942370411 0.9908000230789185 55
1561942370420 0.991100013256073 56
1561942370428 0.9914000034332275 57
1561942370437 0.9919999837875366 58
1561942370445 0.9926999807357788 59
1561942370454 0.9929999709129333 60
1561942370462 0.9932000041007996 61
1561942370471 0.9936000108718872 62
1561942370479 0.9939000010490417 63
1561942370487 0.9943000078201294 64
1561942370496 0.9943000078201294 65
1561942370504 0.9947999715805054 66
1561942370513 0.9951000213623047 67
1561942370521 0.9958000183105469 68
1561942370530 0.9962000250816345 69
1561942370538 0.9965000152587891 70
1561942370547 0.9966999888420105 71
1561942370555 0.9968000054359436 72
1561942370564 0.9970999956130981 73
1561942370572 0.9972000122070312 74
1561942370581 0.9975000023841858 75
1561942370589 0.9976000189781189 76
1561942370597 0.9976999759674072 77
1561942370606 0.9980000257492065 78
1561942370615 0.9980000257492065 79
1561942370623 0.9983000159263611 80
1561942370631 0.9984999895095825 81
1561942370640 0.9986000061035156 82
1561942370649 0.9987999796867371 83
1561942370657 0.9987999796867371 84
1561942370666 0.9987999796867371 85
1561942370674 0.9990000128746033 86
1561942370682 0.9990000128746033 87
1561942370691 0.9991999864578247 88
1561942370700 0.9993000030517578 89
1561942370708 0.9993000030517578 90
1561942370716 0.9994000196456909 91
1561942370725 0.9994000196456909 92
1561942370733 0.9994000196456909 93
1561942370742 0.9994000196456909 94
1561942370750 0.9994000196456909 95
1561942370759 0.9994999766349792 96
1561942370767 0.9995999932289124 97
1561942370776 0.9995999932289124 98
1561942370785 0.9995999932289124 99
