1561942370793 -1.3510561618804933 0
1561942370802 -0.3385025172233581 1
1561942370810 -0.06854897451400754 2
1561942370818 0.07743839550018305 3
1561942370827 0.16442149353027347 4
1561942370836 0.2064253327846527 5
1561942370845 0.21669104766845704 6
1561942370853 0.20747392106056217 7
1561942370862 0.18714348864555364 8
1561942370870 0.1631060965061188 9
1561942370879 0.1384638650417328 10
1561942370888 0.11740928363800046 11
1561942370896 0.1016573085784912 12
1561942370905 0.08940550875663755 13
1561942370913 0.08002879810333252 14
1561942370922 0.07253936088085172 15
1561942370931 0.06605710995197295 16
1561942370939 0.06024770617485048 17
1561942370948 0.05515530896186829 18
1561942370956 0.05107858502864837 19
1561942370965 0.04784867310523988 20
1561942370974 0.0454991146326065 21
1561942370982 0.0435801376104355 22
1561942370991 0.04215733098983765 23
1561942370999 0.04112045156955718 24
1561942371008 0.040281036734581 25
1561942371017 0.03961764907836915 26
1561942371025 0.039076839208602915 27
1561942371034 0.038729801893234245 28
1561942371043 0.03844440162181853 29
1561942371051 0.03823167508840561 30
1561942371060 0.03806713044643403 31
1561942371069 0.0380423075556755 32
1561942371079 0.03823172223567964 33
1561942371089 0.03861835622787477 34
1561942371097 0.039270230770111075 35
1561942371106 0.04016486644744874 36
1561942371114 0.04116414833068849 37
1561942371123 0.04219035035371779 38
1561942371132 0.043234789967536935 39
1561942371140 0.04426683396100997 40
1561942371149 0.04527876955270767 41
1561942371158 0.04624693042039871 42
1561942371167 0.04728566104173661 43
1561942371175 0.04845648473501206 44
1561942371184 0.04972338259220123 45
1561942371193 0.051025891780853275 46
1561942371201 0.05231466889381409 47
1561942371210 0.05349374869465828 48
1561942371219 0.054539516866207116 49
1561942371227 0.05545353010296822 50
1561942371236 0.056228490918874746 51
1561942371245 0.056948612093925474 52
1561942371254 0.0575806744992733 53
1561942371262 0.058127380162477496 54
1561942371271 0.05863555172085762 55
1561942371280 0.05914282891154289 56
1561942371288 0.059661375969648364 57
1561942371297 0.06010903975367546 58
1561942371306 0.06049523517489433 59
1561942371314 0.060829559743404385 60
1561942371323 0.06121266144514084 61
1561942371332 0.06164481511712075 62
1561942371341 0.06206908336281776 63
1561942371349 0.06256463521718979 64
1561942371358 0.06319759282469749 65
1561942371367 0.06388048025965691 66
1561942371376 0.0645182678103447 67
1561942371385 0.0650510803759098 68
1561942371394 0.06553963647782803 69
1561942371403 0.06604237790405751 70
1561942371411 0.06651384904980659 71
1561942371420 0.06708274754881859 72
1561942371429 0.06772025722265243 73
1561942371438 0.06825920240581036 74
1561942371447 0.06870633590221405 75
1561942371455 0.06908868683874607 76
1561942371464 0.06941269966959954 77
1561942371473 0.06977970249950886 78
1561942371481 0.0702003728300333 79
1561942371490 0.07070221184194088 80
1561942371499 0.07107555778324604 81
1561942371508 0.07133025355637074 82
1561942371516 0.07148299041390418 83
1561942371525 0.07164123739302158 84
1561942371534 0.07172597183287144 85
1561942371542 0.07176579983532429 86
1561942371551 0.07183399441838265 87
1561942371560 0.07203199285268784 88
1561942371569 0.07222136344015598 89
1561942371577 0.07234954850375652 90
1561942371586 0.07244185309112072 91
1561942371595 0.07249688729643822 92
1561942371604 0.07256429266929626 93
1561942371612 0.07254253202676773 94
1561942371621 0.0725909088253975 95
1561942371630 0.07256532563269139 96
1561942371639 0.07254006691277028 97
1561942371647 0.0725620977729559 98
1561942371656 0.07268399865925312 99
