1561942369125 2.79032301902771 0
1561942369133 1.2128276824951172 1
1561942369141 0.7880064249038696 2
1561942369150 0.5985204577445984 3
1561942369158 0.49681293964385986 4
1561942369166 0.4321494996547699 5
1561942369174 0.385738730430603 6
1561942369182 0.35123613476753235 7
1561942369190 0.3248235881328583 8
1561942369198 0.3032059669494629 9
1561942369206 0.28503525257110596 10
1561942369214 0.26941102743148804 11
1561942369222 0.2555486261844635 12
1561942369231 0.2430124580860138 13
1561942369239 0.23141050338745117 14
1561942369247 0.22051118314266205 15
1561942369256 0.21028389036655426 16
1561942369264 0.20072773098945618 17
1561942369272 0.19180694222450256 18
1561942369280 0.18345771729946136 19
1561942369289 0.17571398615837097 20
1561942369297 0.1684461236000061 21
1561942369305 0.16160070896148682 22
1561942369313 0.15513722598552704 23
1561942369321 0.14904606342315674 24
1561942369329 0.14327731728553772 25
1561942369337 0.13776211440563202 26
1561942369346 0.1324678659439087 27
1561942369354 0.1274106353521347 28
1561942369362 0.12262693047523499 29
1561942369370 0.11803222447633743 30
1561942369378 0.11363740265369415 31
1561942369386 0.10943249613046646 32
1561942369394 0.10541683435440063 33
1561942369402 0.1016102284193039 34
1561942369411 0.09797364473342896 35
1561942369419 0.09448464214801788 36
1561942369430 0.09114259481430054 37
1561942369438 0.0879381075501442 38
1561942369446 0.08483383804559708 39
1561942369454 0.08182632178068161 40
1561942369462 0.07892951369285583 41
1561942369471 0.07615600526332855 42
1561942369479 0.0734882578253746 43
1561942369487 0.07092885673046112 44
1561942369495 0.06847070157527924 45
1561942369503 0.06611698865890503 46
1561942369511 0.06385210901498795 47
1561942369519 0.06167202815413475 48
1561942369527 0.059564463794231415 49
1561942369536 0.05751757696270943 50
1561942369544 0.05555186793208122 51
1561942369552 0.053663380444049835 52
1561942369560 0.05183948948979378 53
1561942369569 0.050085071474313736 54
1561942369577 0.04839446023106575 55
1561942369585 0.046760592609643936 56
1561942369593 0.045177605003118515 57
1561942369601 0.043658290058374405 58
1561942369609 0.04221082851290703 59
1561942369618 0.04081781953573227 60
1561942369626 0.03947208821773529 61
1561942369635 0.038167890161275864 62
1561942369643 0.03691205009818077 63
1561942369651 0.03570444881916046 64
1561942369659 0.03454170003533363 65
1561942369668 0.033418189734220505 66
1561942369676 0.032333530485630035 67
1561942369684 0.031286973506212234 68
1561942369692 0.030276665464043617 69
1561942369700 0.029297901317477226 70
1561942369709 0.028359081596136093 71
1561942369717 0.027454178780317307 72
1561942369725 0.02657751739025116 73
1561942369733 0.02573430724442005 74
1561942369742 0.024926453828811646 75
1561942369750 0.024144304916262627 76
1561942369758 0.023394260555505753 77
1561942369766 0.02267424575984478 78
1561942369774 0.021983904764056206 79
1561942369783 0.021319257095456123 80
1561942369791 0.02068355493247509 81
1561942369799 0.0200693067163229 82
1561942369807 0.01948004588484764 83
1561942369816 0.01891309581696987 84
1561942369824 0.01836625300347805 85
1561942369832 0.01783970557153225 86
1561942369841 0.017331700772047043 87
1561942369849 0.016843505203723907 88
1561942369857 0.016374414786696434 89
1561942369865 0.01592251844704151 90
1561942369874 0.01548825390636921 91
1561942369882 0.015069175511598587 92
1561942369890 0.014668069779872894 93
1561942369898 0.014283224940299988 94
1561942369907 0.013912968337535858 95
1561942369915 0.01355442963540554 96
1561942369923 0.013211039826273918 97
1561942369931 0.01287793554365635 98
1561942369940 0.012555232271552086 99
