1561933503579 0.6346833346048991 0
1561933503587 0.8533166673024496 1
1561933503595 0.9033166679700215 2
1561933503603 0.9304666656812032 3
1561933503610 0.9464333331425985 4
1561933503618 0.9541999988873799 5
1561933503626 0.9598499992688497 6
1561933503634 0.9649000010172526 7
1561933503642 0.9686000002861023 8
1561933503650 0.9710333339055379 9
1561933503658 0.9731833346366883 10
1561933503665 0.9755500006993612 11
1561933503673 0.9763499992370606 12
1561933503681 0.9789333333015442 13
1561933503689 0.9794166655858357 14
1561933503697 0.9801833326975504 15
1561933503705 0.9812833325386048 16
1561933503712 0.9822333342870077 17
1561933503720 0.98283333457311 18
1561933503728 0.9834666663169861 19
1561933503736 0.9840166673342386 20
1561933503744 0.9846000009536743 21
1561933503752 0.984749999777476 22
1561933503759 0.9864333336830139 23
1561933503767 0.986699999332428 24
1561933503775 0.9869666674613953 25
1561933503783 0.9882166670163472 26
1561933503791 0.9883333341280619 27
1561933503799 0.9874000007947286 28
1561933503807 0.9891999997456868 29
1561933503814 0.9889500004768371 30
1561933503822 0.9891833326657613 31
1561933503830 0.9896000000317892 32
1561933503838 0.9890833344141642 33
1561933503846 0.9897166665712992 34
1561933503854 0.9906666678746542 35
1561933503862 0.9912666664123535 36
1561933503870 0.9916499993006388 37
1561933503877 0.9912499997456868 38
1561933503885 0.9919166675885518 39
1561933503893 0.9915833327929179 40
1561933503901 0.9922000007629395 41
1561933503909 0.9927000004768372 42
1561933503917 0.9924500003178914 43
1561933503925 0.9927999993006388 44
1561933503932 0.9924666674296061 45
1561933503940 0.9930833330790202 46
1561933503948 0.9936499995867412 47
1561933503956 0.9932999995867411 48
1561933503964 0.9935166655222575 49
1561933503972 0.9933499993006388 50
1561933503980 0.9938333321889241 51
1561933503988 0.9943000007629395 52
1561933503996 0.9938499993006389 53
1561933504004 0.9942000003178915 54
1561933504011 0.9945999998728434 55
1561933504019 0.9943833345413208 56
1561933504027 0.9943999988555908 57
1561933504035 0.9949999995867411 58
1561933504043 0.9950833339373271 59
1561933504051 0.9951833330790202 60
1561933504059 0.9948500000317891 61
1561933504067 0.9956666653633117 62
1561933504077 0.9954666662534079 63
1561933504086 0.9954333327611288 64
1561933504094 0.9956333320299784 65
1561933504102 0.9956166677157084 66
1561933504109 0.9961666677157084 67
1561933504117 0.9960333336512248 68
1561933504125 0.9957499998728434 69
1561933504133 0.996283334382375 70
1561933504141 0.9958333324750265 71
1561933504149 0.9961333324750264 72
1561933504157 0.996066665649414 73
1561933504165 0.9963666660944621 74
1561933504173 0.996433333492279 75
1561933504181 0.9960666668256124 76
1561933504189 0.9966666671117147 77
1561933504197 0.9965666668256123 78
1561933504205 0.9965166672706604 79
1561933504213 0.9968166668256124 80
1561933504221 0.9962166662534078 81
1561933504229 0.9967000010490418 82
1561933504237 0.9971000006039937 83
1561933504245 0.9965999994277954 84
1561933504253 0.9968166672706604 85
1561933504261 0.9962499998728435 86
1561933504269 0.9968166658083598 87
1561933504277 0.9967499989827474 88
1561933504285 0.997266665649414 89
1561933504293 0.9973499986966451 90
1561933504301 0.9969999989827474 91
1561933504309 0.9971833334922791 92
1561933504317 0.9973166653633118 93
1561933504325 0.9974000011761983 94
1561933504333 0.9974499994277954 95
1561933504341 0.9976833327611287 96
1561933504349 0.9975333327611288 97
1561933504357 0.9975166668256124 98
1561933504365 0.9972166658083598 99
