1561933502808 1.1798337320009868 0
1561933502816 0.5553226844946544 1
1561933502823 0.3856722578684489 2
1561933502831 0.28586933539708453 3
1561933502839 0.22647943092187245 4
1561933502846 0.18944244877497354 5
1561933502854 0.16366498793760936 6
1561933502861 0.1445690633694331 7
1561933502869 0.12758630029757817 8
1561933502876 0.11695446120500565 9
1561933502884 0.106934530210495 10
1561933502892 0.09887844782272974 11
1561933502899 0.09268498748540878 12
1561933502907 0.08518099811871846 13
1561933502914 0.08153386855125427 14
1561933502922 0.07667142493724823 15
1561933502929 0.0730119104663531 16
1561933502937 0.06957896515130997 17
1561933502945 0.06640229018131892 18
1561933502952 0.06411986147960028 19
1561933502960 0.06100128593444824 20
1561933502967 0.058521988375981646 21
1561933502975 0.05811856127977371 22
1561933502983 0.0527281007985274 23
1561933502991 0.050731340316931404 24
1561933502998 0.04941770092447599 25
1561933503006 0.04654910907944043 26
1561933503014 0.0446730305314064 27
1561933503022 0.04526214687029521 28
1561933503029 0.042172536965211234 29
1561933503037 0.04208723441759745 30
1561933503045 0.04066561018824577 31
1561933503052 0.04010389508207639 32
1561933503060 0.03953382478952408 33
1561933503068 0.03832878306508064 34
1561933503078 0.036520662226279574 35
1561933503087 0.034965288857618966 36
1561933503094 0.032444382373491926 37
1561933503102 0.03265275226533413 38
1561933503110 0.031686716969807946 39
1561933503117 0.031471041252215705 40
1561933503125 0.029730376276373864 41
1561933503132 0.028594040542840957 42
1561933503140 0.027794728988409043 43
1561933503148 0.027138217039903004 44
1561933503156 0.026258484261234602 45
1561933503163 0.026008601663510003 46
1561933503171 0.02480611741244793 47
1561933503179 0.025286140697201094 48
1561933503186 0.024530111079414687 49
1561933503194 0.02372264445324739 50
1561933503202 0.023784470863143604 51
1561933503209 0.02242090365389983 52
1561933503217 0.022637963464856147 53
1561933503224 0.021434406313300132 54
1561933503232 0.02107690746684869 55
1561933503240 0.020737633457779885 56
1561933503248 0.020641722895701726 57
1561933503255 0.019070339261492094 58
1561933503263 0.01854286708633105 59
1561933503271 0.01845942611893018 60
1561933503278 0.018218490951259932 61
1561933503286 0.017664461036523183 62
1561933503294 0.016766933862368265 63
1561933503301 0.017014924675226212 64
1561933503309 0.017048145508766176 65
1561933503317 0.01626669049958388 66
1561933503325 0.015832827048500378 67
1561933503332 0.0154913927535216 68
1561933503340 0.016282341340184213 69
1561933503348 0.01470206234306097 70
1561933503355 0.015295576479534308 71
1561933503363 0.014782045735418796 72
1561933503371 0.01497244839668274 73
1561933503378 0.014478083180387815 74
1561933503386 0.013899593471984068 75
1561933503394 0.014433434529602527 76
1561933503402 0.012981938098371028 77
1561933503409 0.01303991253276666 78
1561933503417 0.012831530545155208 79
1561933503425 0.01247061830262343 80
1561933503432 0.013309345121681691 81
1561933503440 0.012582748346527417 82
1561933503448 0.012330544808506965 83
1561933503456 0.012378340964019298 84
1561933503463 0.012367699678738912 85
1561933503471 0.013359797048568725 86
1561933503479 0.011644629477461178 87
1561933503486 0.01142165617098411 88
1561933503494 0.010803157986700535 89
1561933503502 0.010407281935711702 90
1561933503510 0.010727964066465695 91
1561933503517 0.010910234834750494 92
1561933503525 0.009974790586034456 93
1561933503533 0.009669107943276564 94
1561933503541 0.010404832668602466 95
1561933503548 0.0096350968187054 96
1561933503556 0.009945928274095059 97
1561933503564 0.009755789619187515 98
1561933503572 0.00974545252074798 99
