1561943033428 0.1211000009059906 0
1561943033438 0.19140000085830688 1
1561943033448 0.26899999833106997 2
1561943033457 0.34109999790191653 3
1561943033467 0.3961999997138977 4
1561943033477 0.44709999771118164 5
1561943033486 0.4909999983787537 6
1561943033497 0.5333000003814697 7
1561943033506 0.5610999966621399 8
1561943033516 0.5841000013351441 9
1561943033526 0.6091999989509582 10
1561943033536 0.6362999995231629 11
1561943033545 0.6585000050544739 12
1561943033555 0.6679000007629394 13
1561943033564 0.6886000036239625 14
1561943033574 0.6942000049591065 15
1561943033584 0.7127000026702881 16
1561943033593 0.7258999981880188 17
1561943033602 0.7367000044822692 18
1561943033612 0.7422000039100647 19
1561943033624 0.7492999978065491 20
1561943033636 0.7568000014305115 21
1561943033646 0.7690000012397766 22
1561943033658 0.7751999991416931 23
1561943033668 0.7799999948501587 24
1561943033677 0.7818000051498413 25
1561943033687 0.7877999954223632 26
1561943033705 0.792599998664856 27
1561943033716 0.8042999972343445 28
1561943033726 0.8049999946594238 29
1561943033739 0.8142999970436097 30
1561943033752 0.8223999953269958 31
1561943033762 0.821399997806549 32
1561943033772 0.8232999970436096 33
1561943033790 0.8266999952316284 34
1561943033800 0.8291999966621398 35
1561943033809 0.8364000020980835 36
1561943033823 0.8371999983787537 37
1561943033836 0.8391999983787537 38
1561943033845 0.8443000052452088 39
1561943033855 0.8523000041007995 40
1561943033872 0.8517999961853028 41
1561943033883 0.851299995136261 42
1561943033892 0.8495999951362609 43
1561943033905 0.8531000030517578 44
1561943033919 0.8633000029563904 45
1561943033929 0.8687999979019165 46
1561943033940 0.8627000015258789 47
1561943033956 0.8716999989509583 48
1561943033966 0.8688999953269958 49
1561943033975 0.8694000032424927 50
1561943033985 0.879200000667572 51
1561943033995 0.8708000011444091 52
1561943034004 0.8791000002861022 53
1561943034013 0.880000003528595 54
1561943034022 0.8795000002861023 55
1561943034032 0.8795000046730042 56
1561943034041 0.8826000017166138 57
1561943034050 0.8849999981880188 58
1561943034060 0.885800000667572 59
1561943034069 0.8876000023841858 60
1561943034081 0.8923000039100647 61
1561943034090 0.893100001335144 62
1561943034100 0.8921999991416931 63
1561943034109 0.891200003528595 64
1561943034119 0.8973000045776367 65
1561943034128 0.8971999987602234 66
1561943034137 0.8985999983787537 67
1561943034147 0.8995000009536743 68
1561943034156 0.9000000027656555 69
1561943034165 0.9022999983787536 70
1561943034175 0.9023000034332276 71
1561943034184 0.9043000038146972 72
1561943034194 0.9073000043869018 73
1561943034203 0.9064000020027161 74
1561943034212 0.9085999961853027 75
1561943034222 0.9096999994277954 76
1561943034231 0.9109999987602234 77
1561943034241 0.9112999979972839 78
1561943034250 0.912700004863739 79
1561943034260 0.9120000012397766 80
1561943034269 0.9129999976158142 81
1561943034279 0.918599995803833 82
1561943034288 0.9176999961853027 83
1561943034301 0.9163000004768371 84
1561943034311 0.919699999332428 85
1561943034320 0.9181000051498414 86
1561943034330 0.9188000043869019 87
1561943034339 0.9211999954223633 88
1561943034349 0.9226999946594239 89
1561943034359 0.9255999989509582 90
1561943034368 0.9251000050544739 91
1561943034382 0.9262999960899353 92
1561943034403 0.927600002193451 93
1561943034423 0.9256000000953675 94
1561943034444 0.9268999976158142 95
1561943034453 0.9269999997138977 96
1561943034463 0.9283000029563904 97
1561943034474 0.9238999982833862 98
1561943034483 0.9297000050544739 99
1561943034492 0.9302999960899353 100
1561943034502 0.9315999979019165 101
1561943034517 0.9335000032424927 102
1561943034532 0.9266000018119812 103
1561943034541 0.9331000003814697 104
1561943034552 0.9342000046730041 105
1561943034562 0.935299997138977 106
1561943034571 0.9340000046730041 107
1561943034581 0.9324999960899353 108
1561943034591 0.9336000003814697 109
1561943034600 0.9356000042915344 110
1561943034610 0.9375999967575073 111
1561943034619 0.9393000036239624 112
1561943034629 0.9399000050544739 113
1561943034638 0.9386000018119812 114
1561943034648 0.9402999953269958 115
1561943034658 0.9393 116
1561943034667 0.9365000040054321 117
1561943034677 0.9388000018119812 118
1561943034686 0.9417999996185302 119
1561943034696 0.9407999978065491 120
1561943034705 0.9415999949455262 121
1561943034715 0.9414999989509583 122
1561943034724 0.943500000667572 123
1561943034733 0.9374000018119812 124
1561943034743 0.9444999996185303 125
1561943034752 0.9397999985694885 126
1561943034762 0.9434999970436097 127
1561943034772 0.9411000020980835 128
1561943034781 0.9438000014305115 129
1561943034791 0.9433000031471253 130
1561943034800 0.9457999963760376 131
1561943034809 0.944300002861023 132
1561943034819 0.9463999996185303 133
1561943034828 0.9454999996185303 134
1561943034838 0.9439000010490417 135
1561943034847 0.9442000049591065 136
1561943034857 0.9488 137
1561943034867 0.9467000017166137 138
1561943034876 0.9449000024795532 139
1561943034886 0.9452000039100646 140
1561943034895 0.9480000006675721 141
1561943034905 0.9514000009536743 142
1561943034914 0.951400004196167 143
1561943034924 0.9499999992370606 144
1561943034942 0.9492000009536743 145
1561943034962 0.9493999952316284 146
1561943034975 0.9487999988555909 147
1561943034985 0.9504999999046325 148
1561943034995 0.9506999974250794 149
1561943035014 0.9503999992370605 150
1561943035035 0.949500003528595 151
1561943035056 0.9509000035285949 152
1561943035065 0.9506999995231629 153
1561943035082 0.9510999952316285 154
1561943035102 0.9522999966621399 155
1561943035119 0.9542999959945678 156
1561943035135 0.9515000009536743 157
1561943035145 0.9525999974250794 158
1561943035154 0.9530999980926513 159
1561943035164 0.9531999995231628 160
1561943035173 0.9531999991416931 161
1561943035182 0.9539999988555908 162
1561943035192 0.9510000045776367 163
1561943035201 0.9535999995231629 164
1561943035211 0.9508999956130981 165
1561943035220 0.9551999966621398 166
1561943035230 0.9561999984741211 167
1561943035239 0.9578000009536743 168
1561943035248 0.9539000023841858 169
1561943035258 0.9552999952316285 170
1561943035268 0.9570000013351441 171
1561943035277 0.954500001335144 172
1561943035287 0.9557000031471252 173
1561943035297 0.9592999970436096 174
1561943035306 0.9551000002861023 175
1561943035316 0.9575000009536743 176
1561943035326 0.9559999980926513 177
1561943035336 0.957200001335144 178
1561943035346 0.9560999962806702 179
1561943035356 0.9588000017166137 180
1561943035365 0.9548000038146973 181
1561943035375 0.958499998474121 182
1561943035385 0.9570999987602233 183
1561943035394 0.9598999999046326 184
1561943035404 0.9592999980926513 185
1561943035414 0.9575999980926514 186
1561943035424 0.9578000017166137 187
1561943035433 0.956400004196167 188
1561943035443 0.9566999984741211 189
1561943035453 0.9590000005722046 190
1561943035463 0.9591999948501587 191
1561943035472 0.9611000052452088 192
1561943035482 0.9594000027656555 193
1561943035492 0.9584000038146973 194
1561943035501 0.9627999995231629 195
1561943035511 0.9589000045776367 196
1561943035521 0.9602000020980835 197
1561943035530 0.9579999952316284 198
1561943035540 0.9605000005722046 199
