1561943035550 -0.6334022144317628 0
1561943035559 -0.4812871004104615 1
1561943035569 -0.3703931154251099 2
1561943035579 -0.3121726736068726 3
1561943035589 -0.27210922050476083 4
1561943035599 -0.2531606325149536 5
1561943035608 -0.24563833255767809 6
1561943035620 -0.2511051713943482 7
1561943035630 -0.2589597127914429 8
1561943035640 -0.2637342779159546 9
1561943035650 -0.2476631004333496 10
1561943035661 -0.235913953781128 11
1561943035672 -0.22184498977661138 12
1561943035681 -0.21754156608581543 13
1561943035692 -0.20277327699661263 14
1561943035702 -0.20428902730941778 15
1561943035712 -0.20978697013854986 16
1561943035722 -0.20454466295242313 17
1561943035732 -0.21357531147003173 18
1561943035742 -0.21411930837631232 19
1561943035753 -0.22440406236648558 20
1561943035763 -0.2194076226234436 21
1561943035774 -0.21596778593063348 22
1561943035785 -0.21014663591384897 23
1561943035796 -0.20407382345199587 24
1561943035807 -0.19808649168014525 25
1561943035817 -0.19023235492706303 26
1561943035830 -0.19367358217239383 27
1561943035844 -0.18020917825698846 28
1561943035854 -0.18001031589508054 29
1561943035865 -0.18444240932464595 30
1561943035884 -0.17421839513778692 31
1561943035894 -0.17437343034744268 32
1561943035909 -0.17531760330200186 33
1561943035928 -0.1712319976806641 34
1561943035938 -0.17120862164497375 35
1561943035952 -0.16420636692047125 36
1561943035962 -0.15892881426811217 37
1561943035972 -0.15841629285812375 38
1561943035983 -0.15438015279769896 39
1561943035993 -0.15195855731964109 40
1561943036004 -0.1512212471961975 41
1561943036014 -0.15454954175949098 42
1561943036025 -0.15508652324676508 43
1561943036035 -0.14849726643562317 44
1561943036046 -0.14061024994850163 45
1561943036062 -0.13685978317260739 46
1561943036073 -0.1413026450634003 47
1561943036090 -0.13168822121620183 48
1561943036100 -0.14052296376228335 49
1561943036111 -0.13855150117874143 50
1561943036121 -0.13221294994354255 51
1561943036131 -0.13293300728797913 52
1561943036142 -0.12057506880760194 53
1561943036153 -0.12796827678680422 54
1561943036163 -0.1334054796218872 55
1561943036174 -0.12578821897506715 56
1561943036184 -0.12407909350395202 57
1561943036195 -0.12546258845329283 58
1561943036205 -0.11544878191947938 59
1561943036216 -0.12662860975265505 60
1561943036226 -0.12016866955757138 61
1561943036236 -0.12791283602714537 62
1561943036247 -0.1204704180717468 63
1561943036257 -0.1219904637813568 64
1561943036268 -0.11500935206413271 65
1561943036279 -0.12362563209533695 66
1561943036290 -0.11848729119300844 67
1561943036300 -0.11544310154914855 68
1561943036311 -0.12381236824989317 69
1561943036321 -0.12206130814552307 70
1561943036332 -0.11690502133369446 71
1561943036343 -0.11558782243728638 72
1561943036356 -0.11405590910911556 73
1561943036366 -0.11009914426803591 74
1561943036378 -0.10786938648223876 75
1561943036389 -0.1102651039123535 76
1561943036402 -0.11391298851966858 77
1561943036414 -0.11230594019889834 78
1561943036425 -0.11550466735363005 79
1561943036435 -0.11435870256423952 80
1561943036446 -0.10881211678981784 81
1561943036457 -0.09992624306678774 82
1561943036469 -0.10189565515518192 83
1561943036481 -0.1066377233505249 84
1561943036492 -0.10698279395103458 85
1561943036503 -0.09904221880435943 86
1561943036515 -0.10273912715911865 87
1561943036527 -0.09741154322624207 88
1561943036538 -0.0948342437505722 89
1561943036550 -0.09225786259174348 90
1561943036560 -0.09486413185596468 91
1561943036571 -0.09420748190879824 92
1561943036581 -0.0920058692455292 93
1561943036591 -0.09681688892841336 94
1561943036601 -0.08496411740779877 95
1561943036612 -0.09321563420295717 96
1561943036622 -0.09049517550468447 97
1561943036632 -0.09536295583248139 98
1561943036642 -0.08013143134117123 99
1561943036652 -0.08237477152347564 100
1561943036663 -0.08203765814304351 101
1561943036673 -0.08398607714176176 102
1561943036683 -0.09559811017513276 103
1561943036693 -0.07936416943073271 104
1561943036703 -0.08197960309982302 105
1561943036713 -0.08033059082031252 106
1561943036723 -0.08514058849811554 107
1561943036734 -0.08589814283847808 108
1561943036744 -0.08502433621883393 109
1561943036754 -0.07648388435840606 110
1561943036764 -0.0794165581226349 111
1561943036774 -0.074832452249527 112
1561943036784 -0.07520554907321927 113
1561943036794 -0.08336760382652283 114
1561943036805 -0.07496045615673066 115
1561943036815 -0.07702962107658387 116
1561943036825 -0.07743710963726044 117
1561943036835 -0.07157232642173766 118
1561943036845 -0.06817764294147494 119
1561943036855 -0.06951127297878265 120
1561943036866 -0.07273415982723236 121
1561943036878 -0.0760518136024475 122
1561943036888 -0.06571278729438781 123
1561943036898 -0.07237553260326388 124
1561943036909 -0.06712671937942505 125
1561943036919 -0.07342649276256563 126
1561943036929 -0.06608987529277802 127
1561943036939 -0.07027240869998932 128
1561943036949 -0.0673512768983841 129
1561943036959 -0.0708040462732315 130
1561943036969 -0.06750291430950164 131
1561943036980 -0.0661718717813492 132
1561943036990 -0.06672483394145967 133
1561943037001 -0.06456809418201445 134
1561943037012 -0.06583027188777923 135
1561943037023 -0.06330993587970735 136
1561943037033 -0.06142324573993682 137
1561943037044 -0.06594498283863068 138
1561943037055 -0.0690321176290512 139
1561943037067 -0.0644660566329956 140
1561943037090 -0.06046107375621795 141
1561943037102 -0.059235843396186816 142
1561943037113 -0.0581405116558075 143
1561943037124 -0.05714231991767882 144
1561943037137 -0.053030931615829446 145
1561943037152 -0.06246119072437287 146
1561943037167 -0.06178041498661041 147
1561943037184 -0.06096319699287417 148
1561943037206 -0.05862086553573606 149
1561943037220 -0.0514782240629196 150
1561943037232 -0.05500463702678682 151
1561943037244 -0.05397579162120819 152
1561943037259 -0.05706219027042389 153
1561943037279 -0.05256731777191162 154
1561943037290 -0.055740708661079386 155
1561943037308 -0.05239872882366178 156
1561943037318 -0.05227189683914185 157
1561943037328 -0.04913852896690368 158
1561943037339 -0.051670169901847834 159
1561943037349 -0.05339737455844881 160
1561943037360 -0.0498418709039688 161
1561943037371 -0.04592835259437561 162
1561943037386 -0.05264875216484069 163
1561943037397 -0.049193139600753805 164
1561943037407 -0.05336432480812073 165
1561943037417 -0.048798740434646604 166
1561943037428 -0.04764914586544036 167
1561943037439 -0.042529290032386785 168
1561943037449 -0.05280381908416748 169
1561943037459 -0.048745754289627075 170
1561943037469 -0.04306335756778715 171
1561943037480 -0.04637507960796358 172
1561943037490 -0.04287993528842926 173
1561943037500 -0.040973456811904924 174
1561943037510 -0.04697187008857728 175
1561943037520 -0.040991610455513 176
1561943037530 -0.047828540766239186 177
1561943037541 -0.03998337496519089 178
1561943037551 -0.04163358485698698 179
1561943037561 -0.04894645518064497 180
1561943037571 -0.04563280124664307 181
1561943037582 -0.043544999718666086 182
1561943037592 -0.0453006421327591 183
1561943037602 -0.041345159852504726 184
1561943037612 -0.03777277504205705 185
1561943037623 -0.04096656610965729 186
1561943037633 -0.03878334854841231 187
1561943037643 -0.044467757689952855 188
1561943037653 -0.042849006474018084 189
1561943037664 -0.03583444633483887 190
1561943037674 -0.03928733538389205 191
1561943037686 -0.03631844521760941 192
1561943037699 -0.03473456537723543 193
1561943037709 -0.03976282082796097 194
1561943037720 -0.03310501269102098 195
1561943037733 -0.043613683319091795 196
1561943037743 -0.03771575855016707 197
1561943037753 -0.038635848891735075 198
1561943037768 -0.037319957721233366 199
