1561943031372 2.764288216018677 0
1561943031380 2.373428145980835 1
1561943031389 2.0945791105270386 2
1561943031398 1.9082710927963258 3
1561943031406 1.7607189989089966 4
1561943031416 1.6442298273086549 5
1561943031427 1.541156690788269 6
1561943031436 1.4527073385238647 7
1561943031445 1.3804321353912354 8
1561943031454 1.3225660106658936 9
1561943031463 1.2590437938690187 10
1561943031472 1.2106037845611572 11
1561943031481 1.163223433494568 12
1561943031490 1.1263404981613159 13
1561943031498 1.078812177848816 14
1561943031507 1.046953136062622 15
1561943031516 1.020940824508667 16
1561943031525 0.9849649214744568 17
1561943031534 0.9627254183769226 18
1561943031543 0.9340900682449341 19
1561943031552 0.9175957594871521 20
1561943031561 0.8897633841514587 21
1561943031569 0.8682411843299865 22
1561943031578 0.8484748519897461 23
1561943031587 0.8321232743263245 24
1561943031596 0.8164857717514038 25
1561943031605 0.7971842802047729 26
1561943031613 0.7877057205200195 27
1561943031622 0.7611535437583923 28
1561943031631 0.7481055340766907 29
1561943031640 0.7396206763267517 30
1561943031649 0.7152244824409485 31
1561943031658 0.7033185354232788 32
1561943031667 0.6954369861602783 33
1561943031676 0.6815880858421326 34
1561943031685 0.6718377484321594 35
1561943031694 0.6576076859474183 36
1561943031702 0.646661279296875 37
1561943031711 0.6381978837966918 38
1561943031720 0.6245619359970093 39
1561943031729 0.6128143355369567 40
1561943031739 0.6034206991195679 41
1561943031749 0.5998581984519958 42
1561943031758 0.5951254102706909 43
1561943031768 0.5831291250228882 44
1561943031777 0.5687489215850831 45
1561943031787 0.5567957005500793 46
1561943031796 0.5527535906791687 47
1561943031806 0.5356991610527039 48
1561943031816 0.5390325522422791 49
1561943031826 0.5327502383232117 50
1561943031835 0.5227817389488221 51
1561943031845 0.5203820803642273 52
1561943031855 0.5022468698978424 53
1561943031864 0.49910407238006593 54
1561943031875 0.49630529685020447 55
1561943031893 0.483050713300705 56
1561943031910 0.47610361890792846 57
1561943031925 0.4753027783870697 58
1561943031940 0.4592119740962982 59
1561943031950 0.4611774426460266 60
1561943031960 0.44792920145988463 61
1561943031974 0.4519421028614044 62
1561943031987 0.4421042610168457 63
1561943031996 0.43903189449310304 64
1561943032009 0.4262032688617706 65
1561943032018 0.42822155385017396 66
1561943032028 0.4168791955471039 67
1561943032038 0.4073292030334473 68
1561943032048 0.41090777716636656 69
1561943032057 0.40656531596183776 70
1561943032067 0.3989414650440216 71
1561943032080 0.3941230392456055 72
1561943032090 0.38949228687286375 73
1561943032100 0.38264275698661804 74
1561943032110 0.3766623638153076 75
1561943032119 0.37380863795280456 76
1561943032129 0.37168475422859193 77
1561943032139 0.3648590217113495 78
1561943032149 0.36435433859825134 79
1561943032159 0.3628870502948761 80
1561943032168 0.3580005558013916 81
1561943032177 0.346248868227005 82
1561943032187 0.3419102418422699 83
1561943032196 0.34181095995903016 84
1561943032206 0.33961033930778506 85
1561943032216 0.3298193838596344 86
1561943032225 0.3325888314247131 87
1561943032235 0.3267772289276123 88
1561943032245 0.32156095967292786 89
1561943032254 0.31398007645606996 90
1561943032264 0.31297396497726443 91
1561943032273 0.31019576768875123 92
1561943032283 0.3062027901172638 93
1561943032293 0.31112138509750364 94
1561943032302 0.2986097545623779 95
1561943032312 0.3029163583278656 96
1561943032321 0.298154203081131 97
1561943032331 0.3018252781867981 98
1561943032341 0.28647733497619626 99
1561943032350 0.2863616781711578 100
1561943032363 0.2824709735393524 101
1561943032373 0.28180843873023986 102
1561943032386 0.2927325514316559 103
1561943032402 0.27513547511100767 104
1561943032413 0.27341275386810304 105
1561943032422 0.26967998108863833 106
1561943032432 0.2729268358707428 107
1561943032443 0.27405356254577634 108
1561943032463 0.273100754737854 109
1561943032482 0.2615835715770721 110
1561943032497 0.26359855875968935 111
1561943032506 0.25854482192993167 112
1561943032515 0.25763034243583677 113
1561943032524 0.26021692423820497 114
1561943032533 0.2501235510349274 115
1561943032547 0.2522847098827362 116
1561943032564 0.25449197630882264 117
1561943032578 0.2487725305557251 118
1561943032588 0.24317053711414338 119
1561943032601 0.24263071460723876 120
1561943032614 0.24437563037872315 121
1561943032631 0.24740295362472534 122
1561943032641 0.2353970952272415 123
1561943032654 0.24062100169658662 124
1561943032664 0.2343932118654251 125
1561943032679 0.24164773054122926 126
1561943032689 0.23355485875606538 127
1561943032699 0.23443679616451263 128
1561943032709 0.22950991895198822 129
1561943032719 0.23016566336154937 130
1561943032729 0.2243856122493744 131
1561943032739 0.22141675925254822 132
1561943032749 0.22213470253944398 133
1561943032759 0.22039274649620055 134
1561943032768 0.22175477986335754 135
1561943032778 0.21792642266750337 136
1561943032788 0.21359135181903838 137
1561943032798 0.21716209502220155 138
1561943032807 0.2181576061487198 139
1561943032817 0.21334712796211242 140
1561943032827 0.21040884160995482 141
1561943032836 0.2076515125989914 142
1561943032846 0.20443731644153595 143
1561943032856 0.20460137617588042 144
1561943032870 0.20045052506923675 145
1561943032879 0.20626431407928467 146
1561943032889 0.20411941175460815 147
1561943032898 0.20342823243141175 148
1561943032908 0.20289872391223907 149
1561943032918 0.19677037670612335 150
1561943032927 0.19876415839195252 151
1561943032937 0.19657929210662842 152
1561943032946 0.19857909331321716 153
1561943032956 0.19301728432178497 154
1561943032965 0.19340838737487792 155
1561943032974 0.18992101333141326 156
1561943032984 0.18989948451519012 157
1561943032993 0.18823394646644592 158
1561943033002 0.18830035181045532 159
1561943033012 0.188489493060112 160
1561943033022 0.18550844168663025 161
1561943033031 0.18271613562107086 162
1561943033041 0.18874706013202666 163
1561943033051 0.18292210750579835 164
1561943033060 0.1849800616502762 165
1561943033070 0.18084992854595183 166
1561943033082 0.18039721896648406 167
1561943033102 0.17526933629512786 168
1561943033122 0.18471301593780518 169
1561943033140 0.18163985710144043 170
1561943033150 0.17590329644680022 171
1561943033160 0.1780462743997574 172
1561943033170 0.1724643426179886 173
1561943033180 0.17023372192382813 174
1561943033190 0.17627750720977783 175
1561943033200 0.17035828261375427 176
1561943033210 0.17542189445495607 177
1561943033219 0.1672028932094574 178
1561943033229 0.16820384526252746 179
1561943033239 0.1743077983856201 180
1561943033248 0.16917148990631103 181
1561943033258 0.1664763916730881 182
1561943033267 0.16939843940734864 183
1561943033277 0.1654389188528061 184
1561943033286 0.1615035187482834 185
1561943033295 0.16359222605228424 186
1561943033305 0.1599158502101898 187
1561943033314 0.16493167989253998 188
1561943033324 0.16450443518161773 189
1561943033333 0.15837761297225952 190
1561943033342 0.1603286659002304 191
1561943033351 0.15742046518325806 192
1561943033361 0.15563936150074006 193
1561943033370 0.1602847561120987 194
1561943033379 0.15189202246665956 195
1561943033389 0.16125184032917023 196
1561943033398 0.15671484439373015 197
1561943033408 0.15779273326396942 198
1561943033417 0.1548149265527725 199
