1561958039556 0.4871795 0
1561958039565 0.76529115 1
1561958039574 0.8701589 2
1561958039583 0.908754 3
1561958039592 0.9247129 4
1561958039601 0.9386352 5
1561958039610 0.9453125 6
1561958039619 0.9513432 7
1561958039628 0.95789933 8
1561958039637 0.9595052 9
1561958039646 0.96447647 10
1561958039655 0.96426123 11
1561958039664 0.96660155 12
1561958039673 0.9695381 13
1561958039682 0.9711263 14
1561958039691 0.97265625 15
1561958039700 0.9740585 16
1561958039709 0.9739583 17
1561958039718 0.9757487 18
1561958039727 0.97596157 19
1561958039735 0.97769326 20
1561958039744 0.97646236 21
1561958039752 0.97686297 22
1561958039760 0.97835284 23
1561958039768 0.9785842 24
1561958039776 0.97936696 25
1561958039784 0.9795573 26
1561958039792 0.98093617 27
1561958039800 0.9789953 28
1561958039808 0.9810221 29
1561958039816 0.9797676 30
1561958039824 0.9821047 31
1561958039832 0.9832398 32
1561958039840 0.98193777 33
1561958039848 0.9830061 34
1561958039857 0.9830061 35
1561958039865 0.98344016 36
1561958039873 0.98323566 37
1561958039881 0.98372394 38
1561958039889 0.98293936 39
1561958039897 0.9844084 40
1561958039905 0.9841413 41
1561958039913 0.9851237 42
1561958039921 0.98444176 43
1561958039929 0.9846087 44
1561958039937 0.9859108 45
1561958039945 0.98581064 46
1561958039953 0.98654515 47
1561958039961 0.98544335 48
1561958039969 0.9858073 49
