1561958040857 0.11272482545966778 0
1561958040866 0.660487150432717 1
1561958040874 0.7072153482172225 2
1561958040883 0.6996941115102198 3
1561958040892 0.6740868774234738 4
1561958040900 0.5966138612510812 5
1561958040909 0.529018281896909 6
1561958040918 0.45216674030872817 7
1561958040926 0.3899687242558879 8
1561958040935 0.35150146534045534 9
1561958040944 0.27113492985566456 10
1561958040952 0.2723545409869729 11
1561958040961 0.14367543409268063 12
1561958040970 0.12126213310841928 13
1561958040978 0.12385985255241394 14
1561958040987 0.06708915680646896 15
1561958040996 0.05889761216110653 16
1561958041005 0.025079441478109768 17
1561958041013 0.01824433902899425 18
1561958041022 -0.005506369025788757 19
1561958041031 -0.004817173407788866 20
1561958041039 -0.019232644006991997 21
1561958041048 -0.01600718466389893 22
1561958041057 -0.03258047451575597 23
1561958041066 -0.03009418391606264 24
1561958041075 -0.03356856218356098 25
1561958041094 -0.032474419102072716 26
1561958041103 -0.03553605625389987 27
1561958041112 -0.04069479200335448 28
1561958041122 -0.03652540830274423 29
1561958041132 -0.039978202625026556 30
1561958041141 -0.0360705881467105 31
1561958041150 -0.03058894099588068 32
1561958041159 -0.035770606819508416 33
1561958041168 -0.031971215947061524 34
1561958041178 -0.03542588913064991 35
1561958041187 -0.030740158145841308 36
1561958041196 -0.029128222043315572 37
1561958041205 -0.030491800109545386 38
1561958041215 -0.032725926545950086 39
1561958041224 -0.030152648297321595 40
1561958041233 -0.026520493860619186 41
1561958041242 -0.026121605746448038 42
1561958041251 -0.029917221465426632 43
1561958041261 -0.030021774905741722 44
1561958041270 -0.02592882593281758 45
1561958041279 -0.02683689429337143 46
1561958041288 -0.0253938973427583 47
1561958041298 -0.02468547320041137 48
1561958041307 -0.025603889798124634 49
