1561958038802 1.563993504923633 0
1561958038815 0.743323016879905 1
1561958038829 0.44743626978662276 2
1561958038852 0.32271587593942624 3
1561958038866 0.2619570407093081 4
1561958038880 0.21574476845244056 5
1561958038893 0.18615845541159312 6
1561958038907 0.1685325834050513 7
1561958038921 0.14772905587640583 8
1561958038934 0.14069924304882686 9
1561958038948 0.12440621356169383 10
1561958038962 0.11906462012414347 11
1561958038976 0.11649810721476873 12
1561958038989 0.10623739065046896 13
1561958039004 0.10364972054958344 14
1561958039019 0.09682933241128922 15
1561958039033 0.0937047087483936 16
1561958039048 0.08871245492472608 17
1561958039070 0.0822025512655576 18
1561958039090 0.08357948765286013 19
1561958039105 0.07909981958698808 20
1561958039121 0.07895029546358646 21
1561958039136 0.0777583715115857 22
1561958039159 0.07316376989086469 23
1561958039182 0.0727508290948575 24
1561958039197 0.06772979180145468 25
1561958039212 0.06711027398705482 26
1561958039229 0.06458177143691951 27
1561958039252 0.06923990248980229 28
1561958039268 0.06287816514571508 29
1561958039282 0.06424819455187544 30
1561958039296 0.06017925004419099 31
1561958039311 0.05883288504476221 32
1561958039326 0.059905299741742954 33
1561958039340 0.0571073477403221 34
1561958039354 0.05761778150868212 35
1561958039368 0.05530946711317087 36
1561958039383 0.05681735227505366 37
1561958039397 0.05369968029359976 38
1561958039418 0.05419898262390724 39
1561958039439 0.051717009936642445 40
1561958039457 0.05202628490634453 41
1561958039472 0.04949742630124092 42
1561958039486 0.05149710098775024 43
1561958039500 0.05199000290316394 44
1561958039511 0.04716395405240548 45
1561958039520 0.04704223929816841 46
1561958039529 0.04676564973898423 47
1561958039538 0.048224487174779944 48
1561958039547 0.045247342189153036 49
