1561957672589 0.5544538 0
1561957672604 0.8270232 1
1561957672629 0.9049154 2
1561957672645 0.9379112 3
1561957672659 0.95095485 4
1561957672675 0.9564779 5
1561957672689 0.9643983 6
1561957672705 0.96754557 7
1561957672719 0.9699493 8
1561957672734 0.97158206 9
1561957672751 0.97566104 10
1561957672773 0.97481495 11
1561957672789 0.9767253 12
1561957672805 0.97973424 13
1561957672821 0.9794004 14
1561957672836 0.9791333 15
1561957672851 0.9808694 16
1561957672867 0.9821715 17
1561957672890 0.98197114 18
1561957672910 0.98303956 19
