1561957673369 0.2614345281806767 0
1561957673378 0.7750629687920595 1
1561957673388 0.7952770372231801 2
1561957673397 0.7876424330891224 3
1561957673407 0.7450544338959915 4
1561957673416 0.669121190905571 5
1561957673425 0.5727105752417916 6
1561957673435 0.5122792666157087 7
1561957673444 0.4601950347031417 8
1561957673453 0.38116957346598307 9
1561957673462 0.35030391674775346 10
1561957673471 0.24788205759567128 11
1561957673479 0.19174366046984992 12
1561957673488 0.16017976401962786 13
1561957673497 0.1359862374062212 14
1561957673506 0.08843154833357558 15
1561957673515 0.059843768574233736 16
1561957673523 0.05131186313258532 17
1561957673532 0.02537169841110197 18
1561957673541 0.00761264853625216 19
