1561957672288 1.3533059180292308 0
1561957672304 0.5779245113715147 1
1561957672319 0.3351258138815562 2
1561957672343 0.22804152782548937 3
1561957672358 0.1780808109503526 4
1561957672372 0.15055935680866242 5
1561957672388 0.12858587346578898 6
1561957672404 0.11301587174336115 7
1561957672418 0.10323427323448031 8
1561957672433 0.09985559185345967 9
1561957672447 0.08740919369917649 10
1561957672461 0.0855902956243147 11
1561957672475 0.07912857482830683 12
1561957672490 0.07186529339633436 13
1561957672504 0.0719506247048704 14
1561957672519 0.06926872804124132 15
1561957672533 0.06656674703216961 16
1561957672547 0.06295835551543114 17
1561957672561 0.06306473675191912 18
1561957672575 0.05737121186704717 19
