1561887542559 0.7041000000317892 0
1561887542567 0.8736166666984558 1
1561887542575 0.9062333333015442 2
1561887542583 0.9209166666984558 3
1561887542590 0.9315833333015442 4
1561887542598 0.9363833333333333 5
1561887542606 0.9404666666348775 6
1561887542614 0.9427500000317891 7
1561887542622 0.9464000000317891 8
1561887542629 0.9482166666984558 9
1561887542637 0.9506666666348775 10
1561887542645 0.9520833333333333 11
1561887542653 0.9548166666984558 12
1561887542661 0.9544666666666667 13
1561887542669 0.9555666666348775 14
1561887542677 0.9580000000317891 15
1561887542685 0.9585833333651225 16
1561887542693 0.9587166666666667 17
1561887542701 0.9608666666666666 18
1561887542708 0.9603333333015441 19
