1561887542396 0.9984981556892395 0
1561887542404 0.4795832031091054 1
1561887542413 0.3488066390514374 2
1561887542421 0.285279248491923 3
1561887542430 0.24355111852486927 4
1561887542439 0.21904800115426382 5
1561887542447 0.20198450520833333 6
1561887542456 0.19048417317867278 7
1561887542464 0.1760308946609497 8
1561887542472 0.16968367391427358 9
1561887542480 0.1578225737253825 10
1561887542488 0.1542838864326477 11
1561887542496 0.14759262707630794 12
1561887542504 0.14282530102729799 13
1561887542512 0.13981181653141975 14
1561887542520 0.1295798526763916 15
1561887542528 0.1292930925210317 16
1561887542536 0.1264878205617269 17
1561887542543 0.12093744869232177 18
1561887542551 0.11844413442512353 19
