1561957513693 0.7488885 0
1561957513701 0.9384845 1
1561957513710 0.95884144 2
1561957513719 0.96605057 3
1561957513728 0.9704967 4
1561957513737 0.9739583 5
1561957513746 0.977547 6
1561957513755 0.9776423 7
1561957513764 0.978341 8
1561957513772 0.9781504 9
1561957513781 0.98199314 10
1561957513790 0.9823425 11
1561957513799 0.98377645 12
1561957513808 0.98431146 13
1561957513817 0.9847592 14
1561957513826 0.98440677 15
1561957513835 0.984375 16
1561957513844 0.98427975 17
1561957513852 0.9857611 18
1561957513860 0.9850154 19
