1561957514196 0.350303611861981 0
1561957514204 0.5389051797428751 1
1561957514213 0.25137270411582496 2
1561957514221 0.07738550109107321 3
1561957514229 -0.004721752590522529 4
1561957514237 -0.03867108384223003 5
1561957514245 -0.030773265765813303 6
1561957514253 -0.04079067598180316 7
1561957514262 -0.035803317171862206 8
1561957514270 -0.04235870482142621 9
1561957514278 -0.03575335572609996 10
1561957514286 -0.03333561967308747 11
1561957514295 -0.03247754035457488 12
1561957514303 -0.027922154636296433 13
1561957514311 -0.025339808694056432 14
1561957514319 -0.028612846233011264 15
1561957514328 -0.027644839579981515 16
1561957514336 -0.021949089487363408 17
1561957514344 -0.021422214876680126 18
1561957514353 -0.026466970237307864 19
