1561957513506 0.781688758028232 0
1561957513521 0.21497876917928216 1
1561957513533 0.1433880312171409 2
1561957513542 0.11769668358128245 3
1561957513551 0.10117594752369857 4
1561957513560 0.08676589401514549 5
1561957513569 0.0773640853481564 6
1561957513578 0.07475859060035489 7
1561957513587 0.06996651048340448 8
1561957513596 0.06847922837104255 9
1561957513604 0.062162811254582756 10
1561957513613 0.05895286344173478 11
1561957513622 0.055627032573665344 12
1561957513631 0.05193562684504966 13
1561957513639 0.050773465150936704 14
1561957513648 0.05204415182030298 15
1561957513657 0.05175787366442079 16
1561957513666 0.04978352233888657 17
1561957513675 0.04798031339962636 18
1561957513683 0.05009662369113477 19
