1561882787531 0.9212333331425985 0
1561882787539 0.9813000001589457 1
1561882787547 0.9880166665077209 2
1561882787555 0.9917166664441427 3
1561882787562 0.994233333047231 4
1561882787570 0.9957333335240682 5
1561882787578 0.9973333334604899 6
1561882787586 0.9983666669209799 7
1561882787594 0.9989500000635783 8
1561882787602 0.9994666666666666 9
1561882787610 0.99975 10
1561882787618 0.9998166666666667 11
1561882787626 0.9998166666666667 12
1561882787634 0.9999166666666667 13
1561882787642 0.99995 14
1561882787650 1.0 15
1561882787657 1.0 16
1561882787665 1.0 17
1561882787673 1.0 18
1561882787681 1.0 19
