1561882787373 0.2607558281938235 0
1561882787381 0.06629816748897234 1
1561882787389 0.04324908307592074 2
1561882787397 0.030999220340450606 3
1561882787405 0.02288434797724088 4
1561882787413 0.016725594610969226 5
1561882787421 0.012741061606009801 6
1561882787428 0.009378012625376384 7
1561882787436 0.007173345244427522 8
1561882787444 0.005156630016118288 9
1561882787452 0.0037143426071852446 10
1561882787460 0.002713681317369143 11
1561882787468 0.0023349865924566986 12
1561882787476 0.0018694473781312505 13
1561882787484 0.0013957876353214184 14
1561882787492 0.0010976725544159611 15
1561882787499 0.0008971375750998656 16
1561882787507 0.0007681525135412813 17
1561882787515 0.0006807455699580411 18
1561882787523 0.000608209846355021 19
