1561886023947 0.8983333333333333 0
1561886023955 0.9518 1
1561886023963 0.9619666666666666 2
1561886023971 0.9659333333333333 3
1561886023978 0.9695833333333334 4
1561886023986 0.9716 5
1561886023994 0.9735666666666667 6
1561886024001 0.9749 7
1561886024009 0.9759666666666666 8
1561886024017 0.9772833333333333 9
1561886024025 0.9790666666666666 10
1561886024034 0.9789666666666667 11
1561886024043 0.98095 12
1561886024051 0.9795333333333334 13
1561886024064 0.9810833333333333 14
1561886024072 0.98145 15
1561886024082 0.9822166666666666 16
1561886024090 0.9830833333333333 17
1561886024098 0.9821333333333333 18
1561886024106 0.9842833333333333 19
