1561886023779 0.3605158541500568 0
1561886023787 0.16175041958987713 1
1561886023796 0.1312102764663597 2
1561886023804 0.11638721192938586 3
1561886023813 0.1050636730303367 4
1561886023822 0.09626022602686038 5
1561886023830 0.0908450922070692 6
1561886023839 0.08267181482308855 7
1561886023847 0.08216870246635129 8
1561886023856 0.07416745863693455 9
1561886023864 0.07122057540413614 10
1561886023873 0.07082439804640599 11
1561886023882 0.06393383315862157 12
1561886023890 0.06998843583116929 13
1561886023899 0.06383742547201303 14
1561886023908 0.06198133748460871 15
1561886023916 0.0579548471312349 16
1561886023924 0.05694881972481186 17
1561886023931 0.058311791789857674 18
1561886023939 0.05263742995387098 19
