1561943174471 0.15970000085830688 0
1561943174481 0.4120999997138977 1
1561943174491 0.5389999949455261 2
1561943174501 0.6197999967575073 3
1561943174511 0.6603000037193298 4
1561943174521 0.6795000042915345 5
1561943174531 0.702200001335144 6
1561943174541 0.7131000047683715 7
1561943174551 0.7375000037193299 8
1561943174561 0.7485000053405761 9
1561943174571 0.7631000038146972 10
1561943174581 0.7698000002861023 11
1561943174592 0.7855000000953675 12
1561943174602 0.785299995136261 13
1561943174612 0.7978000015258789 14
1561943174623 0.806400002861023 15
1561943174637 0.8182999996185303 16
1561943174650 0.8225000036239624 17
1561943174662 0.8247999952316284 18
1561943174672 0.8337000023841858 19
1561943174682 0.8454000022888184 20
1561943174694 0.8492000000953674 21
1561943174705 0.8583999979019165 22
1561943174714 0.8571000041007996 23
1561943174727 0.8725999981880188 24
1561943174739 0.8709999975204468 25
1561943174749 0.8785999996185303 26
1561943174759 0.8847999953269958 27
1561943174771 0.8911999963760376 28
1561943174782 0.895900004863739 29
1561943174791 0.9002000026702881 30
1561943174801 0.902800002670288 31
1561943174810 0.9021999965667724 32
1561943174820 0.9113000015258789 33
1561943174829 0.9125999994277955 34
1561943174839 0.9201000043869019 35
1561943174848 0.9165999972343445 36
1561943174858 0.9237000043869018 37
1561943174867 0.9228999982833862 38
1561943174879 0.9290999972343444 39
1561943174897 0.9284000007629395 40
1561943174906 0.9320999953269958 41
1561943174916 0.9365000042915345 42
1561943174936 0.9353000036239624 43
1561943174946 0.9366000010490417 44
1561943174955 0.9391999970436096 45
1561943174965 0.9416000010490417 46
1561943174983 0.9415000010490417 47
1561943174993 0.9430000010490418 48
1561943175003 0.9435999981880188 49
1561943175013 0.9441000024795532 50
1561943175030 0.9454999959945679 51
1561943175039 0.9509000017166138 52
1561943175049 0.9493999952316284 53
1561943175060 0.9487999952316284 54
1561943175080 0.9522000049591064 55
1561943175090 0.9518999988555908 56
1561943175099 0.9559999958992005 57
1561943175115 0.9542999984741211 58
1561943175126 0.958100004196167 59
1561943175135 0.9562999966621399 60
1561943175150 0.9587000023841858 61
1561943175166 0.9577000009536744 62
1561943175175 0.9573000045776368 63
1561943175188 0.9610000038146973 64
1561943175199 0.9629999977111816 65
1561943175218 0.9611000034332275 66
1561943175228 0.9592999955177307 67
1561943175238 0.9629000030517578 68
1561943175248 0.963300004863739 69
1561943175258 0.9643999955177307 70
1561943175268 0.9651999955177307 71
1561943175277 0.9648000020027161 72
1561943175287 0.9670999998092651 73
1561943175297 0.9650999969482422 74
1561943175307 0.9663000030517578 75
1561943175316 0.9664999969482422 76
1561943175326 0.9692999998092652 77
1561943175336 0.9683999998092652 78
1561943175346 0.9711999948501587 79
1561943175355 0.9696000044822692 80
1561943175365 0.9693000034332275 81
1561943175375 0.9716000044822692 82
1561943175384 0.9696999961853028 83
1561943175394 0.9731000044822693 84
1561943175403 0.9714000012397767 85
1561943175413 0.9719999969482422 86
1561943175423 0.9745000022888184 87
1561943175432 0.9742999947547912 88
1561943175442 0.9732000019073487 89
1561943175451 0.975399995136261 90
1561943175461 0.9744000008583069 91
1561943175470 0.9764999994277954 92
1561943175480 0.9771999976158142 93
1561943175490 0.9748999979972839 94
1561943175500 0.9760000037193298 95
1561943175510 0.9773999994277954 96
1561943175520 0.9785999990463257 97
1561943175530 0.9777000022888184 98
1561943175540 0.9781000026702881 99
1561943175549 0.9774000051498413 100
1561943175559 0.977999995803833 101
1561943175569 0.9768000008583069 102
1561943175579 0.9792999972343445 103
1561943175589 0.9791999972343445 104
1561943175599 0.9795000033378601 105
1561943175609 0.9804000033378601 106
1561943175619 0.9803000022888183 107
1561943175630 0.9775000033378601 108
1561943175640 0.9793000015258789 109
1561943175650 0.9807000051498413 110
1561943175661 0.9812000047683715 111
1561943175671 0.9814999968528747 112
1561943175680 0.9834999954223633 113
1561943175690 0.9843000004768372 114
1561943175700 0.9819000004768371 115
1561943175710 0.9829999968528748 116
1561943175720 0.9821000004768372 117
1561943175730 0.9825000000953674 118
1561943175741 0.983099998664856 119
1561943175751 0.9826000019073486 120
1561943175762 0.9835999958038331 121
1561943175772 0.9834999968528747 122
1561943175783 0.9842000000953675 123
1561943175793 0.9830000015258789 124
1561943175805 0.983799998664856 125
1561943175815 0.9833999954223632 126
1561943175825 0.9848000029563904 127
1561943175835 0.9858000025749206 128
1561943175845 0.9839000047683716 129
1561943175855 0.9843999968528747 130
1561943175865 0.9868999982833863 131
1561943175875 0.9880999968528748 132
1561943175886 0.9852000047683716 133
1561943175896 0.9851000011444092 134
1561943175906 0.987999996471405 135
1561943175916 0.9859999954223633 136
1561943175927 0.9861999982833862 137
1561943175936 0.9846000051498414 138
1561943175947 0.9856000025749206 139
1561943175957 0.9877000029563904 140
1561943175967 0.9869000029563904 141
1561943175977 0.9876000011444092 142
1561943175987 0.9861999968528747 143
1561943175997 0.9894999960899353 144
1561943176007 0.9873000015258789 145
1561943176017 0.9879999997138977 146
1561943176027 0.9875999997138977 147
1561943176037 0.987099996471405 148
1561943176047 0.9881000043869018 149
1561943176057 0.9878999950408935 150
1561943176067 0.9868000029563904 151
1561943176079 0.9891000011444092 152
1561943176090 0.9894999997138977 153
1561943176100 0.9884000011444092 154
1561943176110 0.9890999975204467 155
1561943176120 0.987899996471405 156
1561943176130 0.9889000025749206 157
1561943176140 0.9880999979019165 158
1561943176150 0.9888000025749206 159
1561943176160 0.9894999979019165 160
1561943176173 0.9906000036239624 161
1561943176183 0.9884999950408936 162
1561943176193 0.990100002193451 163
1561943176203 0.9884000040054322 164
1561943176213 0.9904000011444092 165
1561943176224 0.988999999332428 166
1561943176233 0.9895999997138977 167
1561943176244 0.9907000011444091 168
1561943176265 0.9899000011444091 169
1561943176285 0.9891999982833862 170
1561943176298 0.9899999960899353 171
1561943176318 0.9888999946594238 172
1561943176330 0.9910999960899353 173
1561943176340 0.9905999950408936 174
1561943176361 0.9919000040054321 175
1561943176372 0.990099999332428 176
1561943176382 0.9921999979019165 177
1561943176392 0.991299999332428 178
1561943176401 0.9886000040054321 179
1561943176411 0.990899999332428 180
1561943176421 0.9910000040054321 181
1561943176431 0.9915000040054321 182
1561943176441 0.9909999950408935 183
1561943176450 0.9912999946594239 184
1561943176460 0.991999999332428 185
1561943176470 0.9909000011444091 186
1561943176480 0.9912999946594239 187
1561943176490 0.9922999979019165 188
1561943176500 0.9924999989509583 189
1561943176509 0.991899999332428 190
1561943176526 0.9922999979019165 191
1561943176547 0.9924000025749207 192
1561943176563 0.991699999332428 193
1561943176576 0.9920000007629395 194
1561943176586 0.9939000003814698 195
1561943176597 0.9928999946594238 196
1561943176607 0.9922000018119812 197
1561943176618 0.9919999960899353 198
1561943176628 0.9938000050544739 199
