1561943176639 -0.8340327056884766 0
1561943176649 -0.4539932495117187 1
1561943176660 -0.3359369878768921 2
1561943176670 -0.2867292629241943 3
1561943176680 -0.295173485660553 4
1561943176691 -0.3101961052894593 5
1561943176702 -0.31516674003601086 6
1561943176715 -0.3178232618331909 7
1561943176726 -0.2920841088294983 8
1561943176738 -0.2847797538757325 9
1561943176750 -0.2781044653892517 10
1561943176761 -0.27626847686767575 11
1561943176771 -0.269493671798706 12
1561943176781 -0.26697405967712395 13
1561943176791 -0.241681134223938 14
1561943176801 -0.22794709825515747 15
1561943176810 -0.21426227493286132 16
1561943176820 -0.21549827117919929 17
1561943176833 -0.2088127449035645 18
1561943176843 -0.19728617362976064 19
1561943176853 -0.16938945970535269 20
1561943176863 -0.15585328421592715 21
1561943176880 -0.1445304672241211 22
1561943176890 -0.14526201481819156 23
1561943176902 -0.12842794141769415 24
1561943176918 -0.11693015551567076 25
1561943176928 -0.09479692325592043 26
1561943176937 -0.09029661445617682 27
1561943176955 -0.0923729102134705 28
1561943176965 -0.08270173134803777 29
1561943176975 -0.07836345620155338 30
1561943176990 -0.08528695955276488 31
1561943177001 -0.0927954414367676 32
1561943177011 -0.0794285939693451 33
1561943177023 -0.06645693073272707 34
1561943177038 -0.06613995399475098 35
1561943177048 -0.0733900936126709 36
1561943177058 -0.0727464922428131 37
1561943177073 -0.08126007571220395 38
1561943177086 -0.07928304419517512 39
1561943177096 -0.07289374780654906 40
1561943177106 -0.06886703138351441 41
1561943177125 -0.0789253748416901 42
1561943177138 -0.08269737153053286 43
1561943177152 -0.07630956420898438 44
1561943177174 -0.07943236505985257 45
1561943177195 -0.07476865303516389 46
1561943177206 -0.07113969597816469 47
1561943177217 -0.07394219558238982 48
1561943177227 -0.08205725758075716 49
1561943177237 -0.08172735061645509 50
1561943177247 -0.08004216554164886 51
1561943177257 -0.07396224277019503 52
1561943177267 -0.07550899927616117 53
1561943177277 -0.06635256497859954 54
1561943177287 -0.07098522272109986 55
1561943177297 -0.0716981873035431 56
1561943177307 -0.06895309967994692 57
1561943177317 -0.07728062813282016 58
1561943177326 -0.07368284113407136 59
1561943177336 -0.06549516897201538 60
1561943177346 -0.062001476788520804 61
1561943177356 -0.06908231673240661 62
1561943177365 -0.06621039221286776 63
1561943177375 -0.0578158536195755 64
1561943177385 -0.059126015758514394 65
1561943177395 -0.0698686393022537 66
1561943177405 -0.06508757853507993 67
1561943177414 -0.05960509285926818 68
1561943177424 -0.06188630287647248 69
1561943177434 -0.0609707258462906 70
1561943177443 -0.052998079252243036 71
1561943177453 -0.05869652013778687 72
1561943177463 -0.0567105631828308 73
1561943177473 -0.05326725804805754 74
1561943177483 -0.050376853537559496 75
1561943177493 -0.055536311435699454 76
1561943177503 -0.0501319396495819 77
1561943177514 -0.049060883760452256 78
1561943177524 -0.0457336151123047 79
1561943177534 -0.04436104676723482 80
1561943177544 -0.048072769403457644 81
1561943177555 -0.0461614636182785 82
1561943177565 -0.043311434435844426 83
1561943177575 -0.04442807493209838 84
1561943177587 -0.041310936295986186 85
1561943177598 -0.041078440737724306 86
1561943177609 -0.03963582760095595 87
1561943177620 -0.03640294915437697 88
1561943177630 -0.03956179000139237 89
1561943177641 -0.04013724130392074 90
1561943177654 -0.040917666089534774 91
1561943177664 -0.034549859738349925 92
1561943177674 -0.04401521093845366 93
1561943177685 -0.036342580497264854 94
1561943177695 -0.033496560740470874 95
1561943177705 -0.03734618552923204 96
1561943177716 -0.03362579843997955 97
1561943177726 -0.03406360085010529 98
1561943177736 -0.030743802785873423 99
1561943177747 -0.03181271804571151 100
1561943177758 -0.034224971795082104 101
1561943177768 -0.03184469954967499 102
1561943177778 -0.030107106983661647 103
1561943177789 -0.030016783928871138 104
1561943177799 -0.02437574424743652 105
1561943177809 -0.02989308488368987 106
1561943177819 -0.02366536328792572 107
1561943177830 -0.02512488279342652 108
1561943177840 -0.03011201469898224 109
1561943177850 -0.029787960255146018 110
1561943177860 -0.024789419662952436 111
1561943177871 -0.024710788393020627 112
1561943177881 -0.0232010620713234 113
1561943177892 -0.02012473661899568 114
1561943177902 -0.02141567550897598 115
1561943177912 -0.022981794178485865 116
1561943177922 -0.021534044945240013 117
1561943177932 -0.021330214750766754 118
1561943177943 -0.01828250834941865 119
1561943177953 -0.020527143239974968 120
1561943177963 -0.018742470610141754 121
1561943177974 -0.02142228111028671 122
1561943177984 -0.02072015197277069 123
1561943177994 -0.016051322638988494 124
1561943178004 -0.014817930626869202 125
1561943178014 -0.018519674134254455 126
1561943178024 -0.01535752974748611 127
1561943178035 -0.01331041921377181 128
1561943178045 -0.016044246697425837 129
1561943178055 -0.01580105483531953 130
1561943178065 -0.01321232147216797 131
1561943178077 -0.009446069240570079 132
1561943178088 -0.009897114038467408 133
1561943178098 -0.007794597113132476 134
1561943178109 -0.009888689363002773 135
1561943178119 -0.011789260399341583 136
1561943178130 -0.010355666553974158 137
1561943178140 -0.01106711617708206 138
1561943178150 -0.006963818442821498 139
1561943178161 -0.011070459902286528 140
1561943178172 -0.010284470295906067 141
1561943178182 -0.005087546610832203 142
1561943178192 -0.01150228705406188 143
1561943178202 -0.008225236976146702 144
1561943178213 -0.008419452047348022 145
1561943178233 -0.007730345189571372 146
1561943178255 -0.00944538674354553 147
1561943178269 -0.008990919160842895 148
1561943178290 -0.006687123608589168 149
1561943178309 -0.005959498178958897 150
1561943178325 -0.00579890680313111 151
1561943178346 -0.0053269629716873185 152
1561943178360 -0.001936838293075574 153
1561943178370 -0.005988255000114434 154
1561943178380 -0.002872493088245387 155
1561943178390 -0.004753954184055331 156
1561943178400 -0.004946331965923298 157
1561943178410 -0.006379464471340177 158
1561943178420 -0.003342282176017758 159
1561943178430 -0.0059728564381599375 160
1561943178440 0.0007516739964485153 161
1561943178450 -0.003676660192012779 162
1561943178460 0.0005290762782096947 163
1561943178470 -0.005514456367492676 164
1561943178480 0.0030128299951553417 165
1561943178490 -0.0034941347479820334 166
1561943178500 -0.001392235207557685 167
1561943178510 0.003948736488819132 168
1561943178520 -0.0027215686798095773 169
1561943178530 0.0020648799061775136 170
1561943178541 0.00592532225251198 171
1561943178551 0.001570449876785271 172
1561943178562 0.0011020360350608854 173
1561943178572 0.006362865245342256 174
1561943178583 0.003619081842899316 175
1561943178593 0.004036762523651122 176
1561943178604 0.0089480150103569 177
1561943178614 0.003282713723182673 178
1561943178624 0.001386345100402836 179
1561943178635 0.0033469200849533115 180
1561943178645 0.004521090054512032 181
1561943178655 0.004962188470363622 182
1561943178665 0.005489496898651122 183
1561943178676 0.006803892409801483 184
1561943178686 0.006565065753459935 185
1561943178696 0.006312954729795463 186
1561943178707 0.005865717202425007 187
1561943178717 0.008363750076293947 188
1561943178727 0.008705768728256229 189
1561943178738 0.004996267396211618 190
1561943178748 0.007842936086654664 191
1561943178758 0.007691884517669681 192
1561943178768 0.006573223805427554 193
1561943178779 0.009641878938674922 194
1561943178789 0.01150114116072655 195
1561943178800 0.01043855298161507 196
1561943178810 0.005871471846103669 197
1561943178820 0.006730073893070218 198
1561943178830 0.011591450518369677 199
