1561943172562 2.4204023441314697 0
1561943172571 1.7288270736694336 1
1561943172580 1.4508525371551513 2
1561943172591 1.2855224643707275 3
1561943172601 1.1881695016860963 4
1561943172610 1.130656523513794 5
1561943172619 1.0762100749969483 6
1561943172629 1.0377194553375244 7
1561943172639 0.9873354501724243 8
1561943172647 0.956806541633606 9
1561943172656 0.9233053344726563 10
1561943172665 0.8945070170402527 11
1561943172675 0.8636970194816589 12
1561943172685 0.8467967701911926 13
1561943172694 0.8126995091438294 14
1561943172703 0.7907991676330567 15
1561943172712 0.7622330758094787 16
1561943172721 0.7431901080131531 17
1561943172731 0.7221937964439392 18
1561943172740 0.7028848517417907 19
1561943172749 0.6743716937065124 20
1561943172758 0.6593186369895935 21
1561943172767 0.6383184468269348 22
1561943172776 0.6250439803123474 23
1561943172785 0.598865196800232 24
1561943172794 0.583641713142395 25
1561943172802 0.5582203179359436 26
1561943172811 0.542735359954834 27
1561943172820 0.5293056847572327 28
1561943172830 0.5071171790599823 29
1561943172839 0.48917615265846254 30
1561943172848 0.47695389809608457 31
1561943172857 0.46851365809440615 32
1561943172866 0.45194322595596315 33
1561943172875 0.4404254113197327 34
1561943172884 0.4265285998821259 35
1561943172892 0.41676059703826906 36
1561943172901 0.40197300944328307 37
1561943172911 0.3981220811843872 38
1561943172919 0.38475296030044553 39
1561943172929 0.3746183876991272 40
1561943172938 0.360910408782959 41
1561943172947 0.35333670554161073 42
1561943172956 0.3494523027420044 43
1561943172965 0.34002394065856933 44
1561943172974 0.33326076531410215 45
1561943172983 0.32140156054496766 46
1561943172992 0.31914069209098817 47
1561943173001 0.31259295229911804 48
1561943173010 0.304811438369751 49
1561943173019 0.29833469738960267 50
1561943173029 0.2960539137363434 51
1561943173038 0.28378992252349855 52
1561943173047 0.2844297466754913 53
1561943173056 0.2779532926559448 54
1561943173065 0.27190942850112915 55
1561943173075 0.2674828929424286 56
1561943173085 0.26195515413284304 57
1561943173095 0.2584270232200623 58
1561943173104 0.24915706129074097 59
1561943173113 0.24461490516662598 60
1561943173122 0.24182228734493255 61
1561943173131 0.24264639995098114 62
1561943173141 0.2393538927793503 63
1561943173150 0.23285964002609252 64
1561943173159 0.22089595267772674 65
1561943173169 0.22339342947006224 66
1561943173178 0.21981122827529906 67
1561943173187 0.2154384667634964 68
1561943173196 0.2118305391550064 69
1561943173206 0.2096845051765442 70
1561943173215 0.2033546458005905 71
1561943173224 0.20199665551185608 72
1561943173234 0.19658505523204803 73
1561943173244 0.1939961725473404 74
1561943173253 0.18927449269294738 75
1561943173263 0.19305574576854706 76
1561943173272 0.1858079377412796 77
1561943173282 0.18230305910110473 78
1561943173292 0.177464647603035 79
1561943173301 0.17712419137954713 80
1561943173311 0.1782562609910965 81
1561943173320 0.17518344068527222 82
1561943173329 0.17076636772155762 83
1561943173338 0.16548021731376647 84
1561943173347 0.16249635186195374 85
1561943173356 0.1638148796081543 86
1561943173365 0.15918441212177276 87
1561943173374 0.15693208956718444 88
1561943173383 0.16061868114471436 89
1561943173392 0.15098167717456817 90
1561943173401 0.153070529294014 91
1561943173410 0.14902782521247865 92
1561943173418 0.14976752216815947 93
1561943173428 0.1456536099910736 94
1561943173437 0.14610921149253844 95
1561943173446 0.14380176296234132 96
1561943173455 0.13990316495895386 97
1561943173463 0.14158201594352723 98
1561943173473 0.1367542988061905 99
1561943173482 0.13481995220184326 100
1561943173491 0.1352085834980011 101
1561943173500 0.13399346106052398 102
1561943173509 0.12886479902267456 103
1561943173518 0.1277382131576538 104
1561943173528 0.12336069639921188 105
1561943173537 0.12718958556652069 106
1561943173546 0.12079488751888275 107
1561943173555 0.12500266710519792 108
1561943173565 0.12495066832304001 109
1561943173574 0.12254944088459015 110
1561943173583 0.1189334173321724 111
1561943173592 0.1165770630478859 112
1561943173601 0.11516071836948395 113
1561943173611 0.11267075772285462 114
1561943173621 0.11328086178302765 115
1561943173632 0.11333126795291901 116
1561943173643 0.11073141893148422 117
1561943173656 0.1112907536149025 118
1561943173669 0.10876279011964798 119
1561943173678 0.10914777767658233 120
1561943173688 0.10659014927148819 121
1561943173698 0.10753495433330536 122
1561943173707 0.10464883412122726 123
1561943173718 0.10007073771953583 124
1561943173727 0.10290557317733764 125
1561943173739 0.10266700704097748 126
1561943173748 0.09902899335622788 127
1561943173757 0.09938182057142257 128
1561943173767 0.0990892409324646 129
1561943173776 0.09739411836862565 130
1561943173785 0.09568412364721299 131
1561943173796 0.09115553557872773 132
1561943173805 0.09312817996740341 133
1561943173815 0.09298798187971115 134
1561943173825 0.0891576847076416 135
1561943173835 0.09169580389261246 136
1561943173846 0.08849106154441834 137
1561943173856 0.08821449772119522 138
1561943173866 0.08944689495563507 139
1561943173875 0.09001791888475418 140
1561943173885 0.08802835068702698 141
1561943173894 0.08509175994396209 142
1561943173904 0.08715006979703903 143
1561943173913 0.08295173647403717 144
1561943173923 0.08596389833688736 145
1561943173932 0.08294272547960281 146
1561943173942 0.08386110792160034 147
1561943173951 0.08502692197561264 148
1561943173960 0.08129552782773972 149
1561943173970 0.07936024738550186 150
1561943173979 0.08122323489189148 151
1561943173988 0.07827332677841187 152
1561943173998 0.07731837310791016 153
1561943174007 0.08109678146839142 154
1561943174017 0.0753092857003212 155
1561943174026 0.07654414541721344 156
1561943174035 0.07612042568922042 157
1561943174044 0.0778671910405159 158
1561943174054 0.0753374325633049 159
1561943174063 0.07645280632972717 160
1561943174072 0.06968286657333374 161
1561943174084 0.07441799963712692 162
1561943174094 0.07080652755498885 163
1561943174103 0.07499834606647492 164
1561943174113 0.06847156652212143 165
1561943174122 0.07206351449489594 166
1561943174132 0.0700774037718773 167
1561943174142 0.06906080049276352 168
1561943174151 0.07114870599508286 169
1561943174161 0.06640274684429169 170
1561943174171 0.06542869768738746 171
1561943174183 0.06661821724176407 172
1561943174192 0.06793718715906143 173
1561943174202 0.06553342076539993 174
1561943174212 0.0637426179766655 175
1561943174222 0.06434079219102859 176
1561943174232 0.061160007083415985 177
1561943174250 0.06425209747552872 178
1561943174260 0.06590244125127792 179
1561943174270 0.0630613496184349 180
1561943174280 0.06189819393157959 181
1561943174290 0.062328489673137664 182
1561943174299 0.06131687043905258 183
1561943174310 0.059634698951244354 184
1561943174320 0.05945678977966309 185
1561943174330 0.059685277634859084 186
1561943174341 0.06089463809132576 187
1561943174351 0.058370101952552794 188
1561943174361 0.05691548219919205 189
1561943174371 0.05972209755778313 190
1561943174381 0.056967034828662874 191
1561943174391 0.05706036573648453 192
1561943174401 0.05833757659196854 193
1561943174411 0.055994730973243714 194
1561943174421 0.05384198811650276 195
1561943174431 0.055016308361291885 196
1561943174441 0.05707472310066223 197
1561943174451 0.05652158061265945 198
1561943174461 0.05237081044316292 199
