1561938793817 0.09319999814033508 0
1561938793831 0.2062000036239624 1
1561938793844 0.29829999804496765 2
1561938793858 0.3637999892234802 3
1561938793872 0.4350000023841858 4
1561938793885 0.48030000925064087 5
1561938793899 0.5148000121116638 6
1561938793913 0.5591999888420105 7
1561938793926 0.597000002861023 8
1561938793940 0.6086000204086304 9
1561938793953 0.6258000135421753 10
1561938793967 0.6446999907493591 11
1561938793980 0.6592000126838684 12
1561938793994 0.6690000295639038 13
1561938794008 0.6930000185966492 14
1561938794021 0.7063000202178955 15
1561938794035 0.7175999879837036 16
1561938794048 0.7279000282287598 17
1561938794062 0.741100013256073 18
1561938794078 0.7466999888420105 19
1561938794093 0.7523000240325928 20
1561938794108 0.7591000199317932 21
1561938794122 0.7709000110626221 22
1561938794143 0.7730000019073486 23
1561938794159 0.7736999988555908 24
1561938794177 0.7889000177383423 25
1561938794197 0.7975000143051147 26
1561938794215 0.8015999794006348 27
1561938794229 0.8080999851226807 28
1561938794243 0.8119999766349792 29
1561938794258 0.8111000061035156 30
1561938794272 0.8169000148773193 31
1561938794286 0.8183000087738037 32
1561938794301 0.8289999961853027 33
1561938794315 0.8324000239372253 34
1561938794328 0.8378000259399414 35
1561938794342 0.8400999903678894 36
1561938794356 0.836899995803833 37
1561938794370 0.8414000272750854 38
1561938794383 0.8472999930381775 39
1561938794397 0.8492000102996826 40
1561938794411 0.8522999882698059 41
1561938794425 0.8575000166893005 42
1561938794439 0.8572999835014343 43
1561938794452 0.8554999828338623 44
1561938794466 0.8619999885559082 45
1561938794480 0.8610000014305115 46
1561938794494 0.8672999739646912 47
1561938794508 0.8650000095367432 48
1561938794521 0.8680999875068665 49
1561938794535 0.8733000159263611 50
1561938794549 0.8744999766349792 51
1561938794563 0.8759999871253967 52
1561938794576 0.8772000074386597 53
1561938794590 0.8795999884605408 54
1561938794605 0.8791999816894531 55
1561938794618 0.8831999897956848 56
1561938794632 0.8805999755859375 57
1561938794646 0.8816999793052673 58
1561938794660 0.8866999745368958 59
1561938794674 0.8889999985694885 60
1561938794687 0.8946999907493591 61
1561938794701 0.8932999968528748 62
1561938794715 0.8870999813079834 63
1561938794729 0.8944000005722046 64
1561938794743 0.8938999772071838 65
1561938794757 0.8934999704360962 66
1561938794770 0.8977000117301941 67
1561938794784 0.8967999815940857 68
1561938794798 0.9003999829292297 69
1561938794812 0.902999997138977 70
1561938794826 0.9002000093460083 71
1561938794840 0.9017999768257141 72
1561938794854 0.9035000205039978 73
1561938794868 0.900600016117096 74
1561938794881 0.9083999991416931 75
1561938794895 0.9010000228881836 76
1561938794909 0.9075000286102295 77
1561938794923 0.909500002861023 78
1561938794937 0.904699981212616 79
1561938794950 0.9089999794960022 80
1561938794964 0.9114999771118164 81
1561938794978 0.9093000292778015 82
1561938794992 0.9142000079154968 83
1561938795006 0.9110000133514404 84
1561938795019 0.9071000218391418 85
1561938795033 0.9126999974250793 86
1561938795047 0.9146000146865845 87
1561938795061 0.9150999784469604 88
1561938795076 0.916100025177002 89
1561938795092 0.9178000092506409 90
1561938795106 0.9214000105857849 91
1561938795119 0.9146000146865845 92
1561938795133 0.9211000204086304 93
1561938795147 0.9179999828338623 94
1561938795161 0.9175999760627747 95
1561938795174 0.921500027179718 96
1561938795188 0.9190999865531921 97
1561938795202 0.9218000173568726 98
1561938795216 0.9203000068664551 99
1561938795230 0.9254999756813049 100
1561938795243 0.9210000038146973 101
1561938795257 0.9287999868392944 102
1561938795271 0.9269000291824341 103
1561938795285 0.9259999990463257 104
1561938795299 0.9269000291824341 105
1561938795313 0.9240999817848206 106
1561938795326 0.925599992275238 107
1561938795340 0.9304999709129333 108
1561938795354 0.9259999990463257 109
1561938795368 0.9262999892234802 110
1561938795382 0.9265000224113464 111
1561938795395 0.9277999997138977 112
1561938795412 0.9308000206947327 113
1561938795427 0.9323999881744385 114
1561938795443 0.9297000169754028 115
1561938795458 0.9301999807357788 116
1561938795472 0.9316999912261963 117
1561938795485 0.9307000041007996 118
1561938795499 0.9329000115394592 119
1561938795513 0.9318000078201294 120
1561938795527 0.9329000115394592 121
1561938795541 0.9350000023841858 122
1561938795555 0.9345999956130981 123
1561938795569 0.9350000023841858 124
1561938795583 0.9352999925613403 125
1561938795597 0.9352999925613403 126
1561938795611 0.9337000250816345 127
1561938795625 0.9376000165939331 128
1561938795639 0.9358999729156494 129
1561938795653 0.9380000233650208 130
1561938795667 0.9366999864578247 131
1561938795681 0.9358999729156494 132
1561938795695 0.9434000253677368 133
1561938795709 0.9376000165939331 134
1561938795723 0.935699999332428 135
1561938795737 0.9380999803543091 136
1561938795751 0.9369000196456909 137
1561938795765 0.9419999718666077 138
1561938795778 0.9373000264167786 139
1561938795793 0.9391000270843506 140
1561938795807 0.9435999989509583 141
1561938795822 0.9466000199317932 142
1561938795837 0.9408000111579895 143
1561938795851 0.942799985408783 144
1561938795865 0.9412999749183655 145
1561938795880 0.9460999965667725 146
1561938795893 0.942300021648407 147
1561938795907 0.9412000179290771 148
1561938795921 0.9426000118255615 149
1561938795935 0.944100022315979 150
1561938795949 0.9462000131607056 151
1561938795963 0.9434999823570251 152
1561938795977 0.9437000155448914 153
1561938795991 0.9440000057220459 154
1561938796005 0.9467999935150146 155
1561938796019 0.9448000192642212 156
1561938796033 0.946399986743927 157
1561938796049 0.9477999806404114 158
1561938796064 0.9465000033378601 159
1561938796082 0.944599986076355 160
1561938796096 0.9431999921798706 161
1561938796110 0.95169997215271 162
1561938796125 0.9435999989509583 163
1561938796139 0.9483000040054321 164
1561938796152 0.9501000046730042 165
1561938796167 0.9535999894142151 166
1561938796180 0.9520000219345093 167
1561938796194 0.9485999941825867 168
1561938796208 0.9521999955177307 169
1561938796223 0.9519000053405762 170
1561938796237 0.9527000188827515 171
1561938796252 0.9501000046730042 172
1561938796266 0.9521999955177307 173
1561938796280 0.9521999955177307 174
1561938796295 0.9514999985694885 175
1561938796309 0.9534000158309937 176
1561938796324 0.951200008392334 177
1561938796338 0.954200029373169 178
1561938796353 0.953000009059906 179
1561938796367 0.9502000212669373 180
1561938796382 0.954800009727478 181
1561938796396 0.9528999924659729 182
1561938796411 0.9541000127792358 183
1561938796483 0.953000009059906 184
1561938796498 0.9541000127792358 185
1561938796512 0.9563000202178955 186
1561938796527 0.9535999894142151 187
1561938796541 0.9562000036239624 188
1561938796556 0.9549999833106995 189
1561938796570 0.9570000171661377 190
1561938796585 0.9513999819755554 191
1561938796599 0.9531999826431274 192
1561938796614 0.954200029373169 193
1561938796628 0.9539999961853027 194
1561938796642 0.9539999961853027 195
1561938796656 0.957099974155426 196
1561938796670 0.954200029373169 197
1561938796684 0.9573000073432922 198
1561938796698 0.9580000042915344 199
1561938796712 0.9567000269889832 200
1561938796726 0.9557999968528748 201
1561938796740 0.9569000005722046 202
1561938796754 0.9592000246047974 203
1561938796768 0.9563000202178955 204
1561938796782 0.957099974155426 205
1561938796796 0.95660001039505 206
1561938796810 0.9559000134468079 207
1561938796824 0.9595000147819519 208
1561938796838 0.9564999938011169 209
1561938796852 0.9569000005722046 210
1561938796866 0.9588000178337097 211
1561938796880 0.9595000147819519 212
1561938796894 0.960099995136261 213
1561938796908 0.9603000283241272 214
1561938796922 0.9611999988555908 215
1561938796936 0.9621000289916992 216
1561938796950 0.9599000215530396 217
1561938796964 0.9595999717712402 218
1561938796978 0.95660001039505 219
1561938796992 0.9603999853134155 220
1561938797006 0.9560999870300293 221
1561938797020 0.9580000042915344 222
1561938797034 0.9577999711036682 223
1561938797049 0.9613999724388123 224
1561938797062 0.9610999822616577 225
1561938797078 0.9631999731063843 226
1561938797094 0.9585999846458435 227
1561938797108 0.9629999995231628 228
1561938797123 0.9589999914169312 229
1561938797137 0.9639999866485596 230
1561938797151 0.9585999846458435 231
1561938797166 0.9596999883651733 232
1561938797180 0.9624000191688538 233
1561938797195 0.9620000123977661 234
1561938797209 0.9627000093460083 235
1561938797224 0.9591000080108643 236
1561938797238 0.9624000191688538 237
1561938797253 0.9617999792098999 238
1561938797267 0.9624999761581421 239
1561938797281 0.9663000106811523 240
1561938797296 0.9641000032424927 241
1561938797310 0.9663000106811523 242
1561938797324 0.9620000123977661 243
1561938797338 0.9617000222206116 244
1561938797352 0.9664999842643738 245
1561938797366 0.9625999927520752 246
1561938797380 0.9667999744415283 247
1561938797395 0.9606000185012817 248
1561938797409 0.9663000106811523 249
1561938797423 0.963699996471405 250
1561938797437 0.9645000100135803 251
1561938797451 0.9628000259399414 252
1561938797465 0.9685999751091003 253
1561938797479 0.9659000039100647 254
1561938797494 0.9659000039100647 255
1561938797508 0.9632999897003174 256
1561938797522 0.9674999713897705 257
1561938797536 0.9642999768257141 258
1561938797550 0.9639999866485596 259
1561938797564 0.9666000008583069 260
1561938797578 0.9674000144004822 261
1561938797592 0.9635999798774719 262
1561938797607 0.9650999903678894 263
1561938797621 0.9660000205039978 264
1561938797635 0.9641000032424927 265
1561938797649 0.9664000272750854 266
1561938797663 0.9696000218391418 267
1561938797677 0.9674000144004822 268
1561938797691 0.967199981212616 269
1561938797705 0.968500018119812 270
1561938797720 0.9656000137329102 271
1561938797734 0.9650999903678894 272
1561938797748 0.9650999903678894 273
1561938797762 0.9666000008583069 274
1561938797776 0.9670000076293945 275
1561938797790 0.968500018119812 276
1561938797804 0.9661999940872192 277
1561938797818 0.9661999940872192 278
1561938797833 0.965499997138977 279
1561938797847 0.9649999737739563 280
1561938797861 0.96670001745224 281
1561938797875 0.9713000059127808 282
1561938797889 0.9684000015258789 283
1561938797904 0.965499997138977 284
1561938797918 0.9668999910354614 285
1561938797932 0.9703999757766724 286
1561938797946 0.968500018119812 287
1561938797960 0.9704999923706055 288
1561938797975 0.9688000082969666 289
1561938797989 0.9661999940872192 290
1561938798003 0.9689000248908997 291
1561938798017 0.9697999954223633 292
1561938798031 0.964900016784668 293
1561938798046 0.9703999757766724 294
1561938798060 0.9702000021934509 295
1561938798075 0.9706000089645386 296
1561938798092 0.9726999998092651 297
1561938798107 0.9699000120162964 298
1561938798121 0.9690999984741211 299
1561938798136 0.9706000089645386 300
1561938798150 0.9685999751091003 301
1561938798164 0.9714000225067139 302
1561938798178 0.9696000218391418 303
1561938798192 0.9700000286102295 304
1561938798207 0.9682999849319458 305
1561938798222 0.9704999923706055 306
1561938798236 0.9717000126838684 307
1561938798250 0.9710999727249146 308
1561938798264 0.9696000218391418 309
1561938798278 0.972599983215332 310
1561938798293 0.9688000082969666 311
1561938798307 0.9704999923706055 312
1561938798321 0.970300018787384 313
1561938798335 0.9707000255584717 314
1561938798350 0.9707000255584717 315
1561938798364 0.9718000292778015 316
1561938798378 0.9713000059127808 317
1561938798392 0.9707000255584717 318
1561938798407 0.9728000164031982 319
1561938798422 0.9718999862670898 320
1561938798436 0.9675999879837036 321
1561938798450 0.972000002861023 322
1561938798465 0.9717000126838684 323
1561938798479 0.9693999886512756 324
1561938798493 0.9742000102996826 325
1561938798508 0.9688000082969666 326
1561938798522 0.9689000248908997 327
1561938798537 0.9733999967575073 328
1561938798551 0.9721999764442444 329
1561938798565 0.9704999923706055 330
1561938798580 0.9710999727249146 331
1561938798594 0.9733999967575073 332
1561938798608 0.9702000021934509 333
1561938798623 0.9708999991416931 334
1561938798637 0.9700000286102295 335
1561938798652 0.9733999967575073 336
1561938798666 0.9743000268936157 337
1561938798680 0.9726999998092651 338
1561938798695 0.9721999764442444 339
1561938798709 0.9714000225067139 340
1561938798781 0.9728999733924866 341
1561938798795 0.9692999720573425 342
1561938798810 0.972599983215332 343
1561938798824 0.9717000126838684 344
1561938798839 0.9729999899864197 345
1561938798853 0.9722999930381775 346
1561938798867 0.9717000126838684 347
1561938798882 0.9750000238418579 348
1561938798896 0.9722999930381775 349
1561938798911 0.973800003528595 350
1561938798925 0.9721999764442444 351
1561938798939 0.9740999937057495 352
1561938798954 0.9735999703407288 353
1561938798968 0.9731000065803528 354
1561938798982 0.9728000164031982 355
1561938798997 0.9728000164031982 356
1561938799011 0.9733999967575073 357
1561938799026 0.9736999869346619 358
1561938799040 0.9736999869346619 359
1561938799054 0.973800003528595 360
1561938799069 0.9733999967575073 361
1561938799086 0.9725000262260437 362
1561938799101 0.9721999764442444 363
1561938799116 0.9735000133514404 364
1561938799131 0.9715999960899353 365
1561938799145 0.9729999899864197 366
1561938799160 0.9749000072479248 367
1561938799175 0.9751999974250793 368
1561938799189 0.9747999906539917 369
1561938799204 0.9745000004768372 370
1561938799219 0.9739000201225281 371
1561938799233 0.9751999974250793 372
1561938799248 0.9753999710083008 373
1561938799265 0.9753000140190125 374
1561938799280 0.9761000275611877 375
1561938799294 0.9782999753952026 376
1561938799309 0.9729999899864197 377
1561938799324 0.9768000245094299 378
1561938799338 0.972000002861023 379
1561938799353 0.9760000109672546 380
1561938799367 0.9746000170707703 381
1561938799382 0.9747999906539917 382
1561938799396 0.9732000231742859 383
1561938799411 0.9767000079154968 384
1561938799425 0.9742000102996826 385
1561938799440 0.9764999747276306 386
1561938799454 0.9754999876022339 387
1561938799469 0.9736999869346619 388
1561938799483 0.9742000102996826 389
1561938799498 0.9768999814987183 390
1561938799512 0.9743000268936157 391
1561938799526 0.9753999710083008 392
1561938799541 0.9735000133514404 393
1561938799555 0.9760000109672546 394
1561938799570 0.9753999710083008 395
1561938799584 0.9768000245094299 396
1561938799599 0.9761000275611877 397
1561938799614 0.9728000164031982 398
1561938799628 0.9760000109672546 399
1561938799643 0.9745000004768372 400
1561938799657 0.9782000184059143 401
1561938799671 0.9775999784469604 402
1561938799686 0.9754999876022339 403
1561938799701 0.9753999710083008 404
1561938799715 0.977400004863739 405
1561938799730 0.9761000275611877 406
1561938799744 0.9758999943733215 407
1561938799759 0.9769999980926514 408
1561938799773 0.9743000268936157 409
1561938799788 0.9761999845504761 410
1561938799803 0.9782999753952026 411
1561938799817 0.977400004863739 412
1561938799832 0.9768000245094299 413
1561938799847 0.9768000245094299 414
1561938799861 0.9772999882698059 415
1561938799876 0.974399983882904 416
1561938799890 0.975600004196167 417
1561938799905 0.9771999716758728 418
1561938799920 0.9740999937057495 419
1561938799934 0.9764000177383423 420
1561938799949 0.9761999845504761 421
1561938799963 0.9765999913215637 422
1561938799978 0.9775999784469604 423
1561938799992 0.9736999869346619 424
1561938800007 0.9771000146865845 425
1561938800022 0.9760000109672546 426
1561938800037 0.9739999771118164 427
1561938800051 0.9768999814987183 428
1561938800066 0.9782000184059143 429
1561938800083 0.9749000072479248 430
1561938800098 0.9771000146865845 431
1561938800114 0.9757999777793884 432
1561938800128 0.9760000109672546 433
1561938800143 0.9771999716758728 434
1561938800158 0.9771000146865845 435
1561938800173 0.9750000238418579 436
1561938800187 0.9783999919891357 437
1561938800202 0.9750999808311462 438
1561938800217 0.9785000085830688 439
1561938800232 0.9778000116348267 440
1561938800247 0.9761999845504761 441
1561938800262 0.9729999899864197 442
1561938800276 0.9743000268936157 443
1561938800291 0.9782000184059143 444
1561938800306 0.9768999814987183 445
1561938800321 0.9787999987602234 446
1561938800335 0.9781000018119812 447
1561938800350 0.9772999882698059 448
1561938800365 0.9789000153541565 449
1561938800380 0.9763000011444092 450
1561938800394 0.9757000207901001 451
1561938800409 0.9750000238418579 452
1561938800424 0.9800000190734863 453
1561938800439 0.9739999771118164 454
1561938800454 0.9775000214576721 455
1561938800468 0.9783999919891357 456
1561938800483 0.9767000079154968 457
1561938800498 0.9765999913215637 458
1561938800513 0.9769999980926514 459
1561938800528 0.9765999913215637 460
1561938800543 0.9768000245094299 461
1561938800558 0.9772999882698059 462
1561938800572 0.9794999957084656 463
1561938800587 0.9778000116348267 464
1561938800602 0.9771000146865845 465
1561938800617 0.9811000227928162 466
1561938800632 0.9789999723434448 467
1561938800647 0.9782999753952026 468
1561938800663 0.9775000214576721 469
1561938800680 0.9757000207901001 470
1561938800696 0.979200005531311 471
1561938800711 0.9793000221252441 472
1561938800726 0.9769999980926514 473
1561938800742 0.978600025177002 474
1561938800757 0.9786999821662903 475
1561938800773 0.9776999950408936 476
1561938800788 0.9757000207901001 477
1561938800803 0.9779999852180481 478
1561938800818 0.9800999760627747 479
1561938800833 0.9803000092506409 480
1561938800848 0.9778000116348267 481
1561938800863 0.9776999950408936 482
1561938800878 0.9800999760627747 483
1561938800893 0.9793000221252441 484
1561938800908 0.9801999926567078 485
1561938800923 0.9760000109672546 486
1561938800938 0.979200005531311 487
1561938800953 0.9778000116348267 488
1561938800968 0.9793000221252441 489
1561938800983 0.9797999858856201 490
1561938800998 0.9785000085830688 491
1561938801013 0.9775999784469604 492
1561938801028 0.9768999814987183 493
1561938801043 0.9789000153541565 494
1561938801058 0.975600004196167 495
1561938801073 0.9775000214576721 496
1561938801091 0.9811000227928162 497
1561938801105 0.9782000184059143 498
1561938801120 0.9757999777793884 499
1561938801135 0.980400025844574 500
1561938801149 0.9782999753952026 501
1561938801164 0.9797000288963318 502
1561938801178 0.9779000282287598 503
1561938801193 0.9793000221252441 504
1561938801207 0.9796000123023987 505
1561938801222 0.9801999926567078 506
1561938801237 0.9800999760627747 507
1561938801252 0.9785000085830688 508
1561938801267 0.9789000153541565 509
1561938801281 0.9778000116348267 510
1561938801296 0.9794999957084656 511
1561938801310 0.9800999760627747 512
1561938801325 0.9783999919891357 513
1561938801340 0.9782000184059143 514
1561938801355 0.9804999828338623 515
1561938801370 0.9782999753952026 516
1561938801442 0.9800000190734863 517
1561938801457 0.9803000092506409 518
1561938801471 0.9797999858856201 519
1561938801486 0.9790999889373779 520
1561938801501 0.9800999760627747 521
1561938801515 0.979200005531311 522
1561938801530 0.980400025844574 523
1561938801545 0.9786999821662903 524
1561938801559 0.9804999828338623 525
1561938801574 0.9807999730110168 526
1561938801589 0.9789000153541565 527
1561938801603 0.9817000031471252 528
1561938801618 0.9767000079154968 529
1561938801633 0.9799000024795532 530
1561938801648 0.982200026512146 531
1561938801662 0.9807000160217285 532
1561938801677 0.9804999828338623 533
1561938801691 0.9828000068664551 534
1561938801706 0.9785000085830688 535
1561938801721 0.9779999852180481 536
1561938801735 0.9789999723434448 537
1561938801750 0.9793000221252441 538
1561938801765 0.9789000153541565 539
1561938801779 0.9810000061988831 540
1561938801794 0.98089998960495 541
1561938801808 0.9811999797821045 542
1561938801823 0.9818000197410583 543
1561938801838 0.9787999987602234 544
1561938801852 0.979200005531311 545
1561938801867 0.9801999926567078 546
1561938801882 0.9783999919891357 547
1561938801896 0.9781000018119812 548
1561938801911 0.979200005531311 549
1561938801926 0.9794999957084656 550
1561938801940 0.9811999797821045 551
1561938801955 0.978600025177002 552
1561938801970 0.9815000295639038 553
1561938801984 0.9796000123023987 554
1561938801999 0.9815999865531921 555
1561938802014 0.9783999919891357 556
1561938802029 0.9787999987602234 557
1561938802043 0.9815000295639038 558
1561938802058 0.9811999797821045 559
1561938802073 0.9800999760627747 560
1561938802092 0.9796000123023987 561
1561938802107 0.9786999821662903 562
1561938802123 0.9811999797821045 563
1561938802139 0.9793999791145325 564
1561938802154 0.9800999760627747 565
1561938802170 0.9804999828338623 566
1561938802185 0.9819999933242798 567
1561938802200 0.9801999926567078 568
1561938802215 0.9800999760627747 569
1561938802230 0.9794999957084656 570
1561938802245 0.9779000282287598 571
1561938802260 0.9822999835014343 572
1561938802275 0.977400004863739 573
1561938802290 0.9786999821662903 574
1561938802305 0.9801999926567078 575
1561938802320 0.9830999970436096 576
1561938802335 0.9794999957084656 577
1561938802350 0.9778000116348267 578
1561938802365 0.9799000024795532 579
1561938802381 0.9833999872207642 580
1561938802396 0.9807999730110168 581
1561938802413 0.9785000085830688 582
1561938802429 0.9785000085830688 583
1561938802443 0.980400025844574 584
1561938802459 0.9790999889373779 585
1561938802474 0.979200005531311 586
1561938802489 0.9790999889373779 587
1561938802504 0.9821000099182129 588
1561938802519 0.9797999858856201 589
1561938802534 0.9775000214576721 590
1561938802549 0.9786999821662903 591
1561938802564 0.9812999963760376 592
1561938802580 0.9801999926567078 593
1561938802595 0.980400025844574 594
1561938802610 0.98089998960495 595
1561938802627 0.9797999858856201 596
1561938802642 0.9829000234603882 597
1561938802657 0.9800000190734863 598
1561938802673 0.9811000227928162 599
1561938802688 0.9805999994277954 600
1561938802703 0.9821000099182129 601
1561938802718 0.9779999852180481 602
1561938802733 0.9810000061988831 603
1561938802748 0.9804999828338623 604
1561938802763 0.9805999994277954 605
1561938802779 0.9797999858856201 606
1561938802793 0.9810000061988831 607
1561938802808 0.9810000061988831 608
1561938802823 0.9807000160217285 609
1561938802838 0.9797999858856201 610
1561938802854 0.9825999736785889 611
1561938802869 0.9797999858856201 612
1561938802884 0.9789999723434448 613
1561938802900 0.982699990272522 614
1561938802915 0.9811999797821045 615
1561938802930 0.9796000123023987 616
1561938802945 0.9793999791145325 617
1561938802960 0.9811999797821045 618
1561938802975 0.9793999791145325 619
1561938802991 0.980400025844574 620
1561938803006 0.98089998960495 621
1561938803022 0.9796000123023987 622
1561938803038 0.98089998960495 623
1561938803054 0.9804999828338623 624
1561938803070 0.9807000160217285 625
1561938803092 0.983299970626831 626
1561938803107 0.9797000288963318 627
1561938803122 0.9825999736785889 628
1561938803137 0.9832000136375427 629
1561938803152 0.9812999963760376 630
1561938803168 0.9801999926567078 631
1561938803183 0.9821000099182129 632
1561938803198 0.9793000221252441 633
1561938803213 0.9818000197410583 634
1561938803228 0.9819999933242798 635
1561938803243 0.9815999865531921 636
1561938803258 0.9818999767303467 637
1561938803274 0.9822999835014343 638
1561938803289 0.9822999835014343 639
1561938803304 0.9797000288963318 640
1561938803319 0.9810000061988831 641
1561938803334 0.9797000288963318 642
1561938803349 0.9818000197410583 643
1561938803365 0.9810000061988831 644
1561938803380 0.9811999797821045 645
1561938803395 0.9801999926567078 646
1561938803410 0.9846000075340271 647
1561938803426 0.982699990272522 648
1561938803441 0.9811999797821045 649
1561938803456 0.979200005531311 650
1561938803471 0.98089998960495 651
1561938803486 0.9793999791145325 652
1561938803502 0.9832000136375427 653
1561938803517 0.9800000190734863 654
1561938803532 0.9811999797821045 655
1561938803547 0.9797000288963318 656
1561938803563 0.9821000099182129 657
1561938803578 0.9803000092506409 658
1561938803593 0.984000027179718 659
1561938803608 0.9803000092506409 660
1561938803624 0.9822999835014343 661
1561938803639 0.9810000061988831 662
1561938803655 0.9832000136375427 663
1561938803670 0.9815000295639038 664
1561938803685 0.9818999767303467 665
1561938803701 0.9805999994277954 666
1561938803716 0.982200026512146 667
1561938803731 0.9818000197410583 668
1561938803746 0.983299970626831 669
1561938803761 0.9819999933242798 670
1561938803776 0.9822999835014343 671
1561938803791 0.9800000190734863 672
1561938803808 0.9800000190734863 673
1561938803834 0.9803000092506409 674
1561938803850 0.984000027179718 675
1561938803867 0.9797999858856201 676
1561938803883 0.9801999926567078 677
1561938803900 0.9821000099182129 678
1561938803917 0.982699990272522 679
1561938803933 0.980400025844574 680
1561938803950 0.9803000092506409 681
1561938803967 0.9815999865531921 682
1561938803983 0.984000027179718 683
1561938804000 0.9818000197410583 684
1561938804017 0.9815999865531921 685
1561938804033 0.982200026512146 686
1561938804049 0.9828000068664551 687
1561938804064 0.9829000234603882 688
1561938804082 0.9799000024795532 689
1561938804098 0.9800000190734863 690
1561938804113 0.9819999933242798 691
1561938804128 0.982200026512146 692
1561938804143 0.9815999865531921 693
1561938804158 0.9821000099182129 694
1561938804173 0.9818999767303467 695
1561938804188 0.9818000197410583 696
1561938804204 0.9810000061988831 697
1561938804219 0.9830999970436096 698
1561938804234 0.9830999970436096 699
1561938804308 0.9824000000953674 700
1561938804323 0.9817000031471252 701
1561938804338 0.9818999767303467 702
1561938804353 0.9799000024795532 703
1561938804368 0.9837999939918518 704
1561938804384 0.9825999736785889 705
1561938804399 0.9824000000953674 706
1561938804414 0.9847000241279602 707
1561938804429 0.9835000038146973 708
1561938804444 0.9828000068664551 709
1561938804459 0.9825999736785889 710
1561938804474 0.9815000295639038 711
1561938804489 0.9811999797821045 712
1561938804504 0.9839000105857849 713
1561938804520 0.980400025844574 714
1561938804535 0.9835000038146973 715
1561938804550 0.9799000024795532 716
1561938804565 0.9842000007629395 717
1561938804580 0.9815999865531921 718
1561938804595 0.984000027179718 719
1561938804610 0.984000027179718 720
1561938804626 0.9825000166893005 721
1561938804641 0.9846000075340271 722
1561938804656 0.982200026512146 723
1561938804671 0.9805999994277954 724
1561938804687 0.9850000143051147 725
1561938804702 0.9807999730110168 726
1561938804717 0.9837999939918518 727
1561938804733 0.9825999736785889 728
1561938804748 0.9830999970436096 729
1561938804763 0.9825000166893005 730
1561938804778 0.9796000123023987 731
1561938804793 0.9848999977111816 732
1561938804809 0.9812999963760376 733
1561938804824 0.9836000204086304 734
1561938804839 0.983299970626831 735
1561938804854 0.9832000136375427 736
1561938804870 0.9818000197410583 737
1561938804885 0.9817000031471252 738
1561938804900 0.9850999712944031 739
1561938804915 0.9800999760627747 740
1561938804930 0.983299970626831 741
1561938804946 0.9799000024795532 742
1561938804961 0.9814000129699707 743
1561938804976 0.9839000105857849 744
1561938804991 0.9836000204086304 745
1561938805007 0.9850999712944031 746
1561938805022 0.9810000061988831 747
1561938805037 0.9815000295639038 748
1561938805053 0.9821000099182129 749
1561938805068 0.9818999767303467 750
1561938805086 0.9815000295639038 751
1561938805102 0.9805999994277954 752
1561938805117 0.98089998960495 753
1561938805133 0.9832000136375427 754
1561938805148 0.9832000136375427 755
1561938805163 0.984000027179718 756
1561938805178 0.9837999939918518 757
1561938805193 0.9854000210762024 758
1561938805208 0.982200026512146 759
1561938805224 0.9829999804496765 760
1561938805239 0.984000027179718 761
1561938805254 0.982200026512146 762
1561938805269 0.984499990940094 763
1561938805284 0.9836999773979187 764
1561938805300 0.9814000129699707 765
1561938805315 0.9829999804496765 766
1561938805330 0.9846000075340271 767
1561938805345 0.9825999736785889 768
1561938805361 0.9829999804496765 769
1561938805376 0.9835000038146973 770
1561938805391 0.9843000173568726 771
1561938805406 0.9821000099182129 772
1561938805422 0.9837999939918518 773
1561938805437 0.9822999835014343 774
1561938805453 0.984000027179718 775
1561938805468 0.9840999841690063 776
1561938805483 0.9829000234603882 777
1561938805498 0.9819999933242798 778
1561938805513 0.9818000197410583 779
1561938805529 0.9840999841690063 780
1561938805544 0.9819999933242798 781
1561938805559 0.9847999811172485 782
1561938805574 0.980400025844574 783
1561938805590 0.9818000197410583 784
1561938805605 0.9824000000953674 785
1561938805620 0.9822999835014343 786
1561938805636 0.9833999872207642 787
1561938805652 0.9836999773979187 788
1561938805667 0.984499990940094 789
1561938805682 0.9829999804496765 790
1561938805698 0.9814000129699707 791
1561938805713 0.984499990940094 792
1561938805729 0.9825000166893005 793
1561938805745 0.9829000234603882 794
1561938805760 0.9837999939918518 795
1561938805775 0.9817000031471252 796
1561938805791 0.9821000099182129 797
1561938805808 0.9819999933242798 798
1561938805824 0.9840999841690063 799
1561938805839 0.9836999773979187 800
1561938805855 0.9837999939918518 801
1561938805870 0.9830999970436096 802
1561938805886 0.9843999743461609 803
1561938805901 0.9833999872207642 804
1561938805917 0.9830999970436096 805
1561938805932 0.9829999804496765 806
1561938805948 0.9837999939918518 807
1561938805963 0.9821000099182129 808
1561938805979 0.9847000241279602 809
1561938805994 0.9848999977111816 810
1561938806010 0.9840999841690063 811
1561938806025 0.9815000295639038 812
1561938806041 0.983299970626831 813
1561938806056 0.9847000241279602 814
1561938806072 0.9833999872207642 815
1561938806091 0.9835000038146973 816
1561938806106 0.9804999828338623 817
1561938806122 0.982200026512146 818
1561938806137 0.9825000166893005 819
1561938806152 0.9843999743461609 820
1561938806168 0.9832000136375427 821
1561938806183 0.9833999872207642 822
1561938806198 0.9833999872207642 823
1561938806213 0.9847999811172485 824
1561938806229 0.9828000068664551 825
1561938806244 0.9843000173568726 826
1561938806259 0.9836000204086304 827
1561938806274 0.9825000166893005 828
1561938806348 0.9836999773979187 829
1561938806363 0.98089998960495 830
1561938806378 0.9846000075340271 831
1561938806393 0.9836000204086304 832
1561938806408 0.9830999970436096 833
1561938806424 0.9836999773979187 834
1561938806439 0.983299970626831 835
1561938806454 0.9832000136375427 836
1561938806469 0.982699990272522 837
1561938806485 0.9842000007629395 838
1561938806500 0.983299970626831 839
1561938806515 0.9828000068664551 840
1561938806530 0.9847999811172485 841
1561938806546 0.9815999865531921 842
1561938806561 0.9858999848365784 843
1561938806576 0.9833999872207642 844
1561938806591 0.9836000204086304 845
1561938806607 0.9851999878883362 846
1561938806622 0.9854000210762024 847
1561938806637 0.9832000136375427 848
1561938806653 0.9848999977111816 849
1561938806668 0.98089998960495 850
1561938806683 0.9825999736785889 851
1561938806699 0.9843999743461609 852
1561938806714 0.9833999872207642 853
1561938806730 0.9843000173568726 854
1561938806745 0.9850000143051147 855
1561938806761 0.9815000295639038 856
1561938806776 0.9821000099182129 857
1561938806791 0.9830999970436096 858
1561938806806 0.9840999841690063 859
1561938806822 0.9850999712944031 860
1561938806837 0.9836999773979187 861
1561938806852 0.9829000234603882 862
1561938806868 0.982200026512146 863
1561938806883 0.9837999939918518 864
1561938806898 0.9817000031471252 865
1561938806914 0.982699990272522 866
1561938806929 0.982699990272522 867
1561938806944 0.9851999878883362 868
1561938806960 0.9830999970436096 869
1561938806975 0.984499990940094 870
1561938806990 0.9829000234603882 871
1561938807006 0.9828000068664551 872
1561938807021 0.9860000014305115 873
1561938807036 0.9850999712944031 874
1561938807051 0.9803000092506409 875
1561938807067 0.9830999970436096 876
1561938807084 0.9821000099182129 877
1561938807100 0.986299991607666 878
1561938807115 0.9835000038146973 879
1561938807130 0.982200026512146 880
1561938807146 0.9858999848365784 881
1561938807161 0.9847999811172485 882
1561938807177 0.9839000105857849 883
1561938807192 0.9854000210762024 884
1561938807208 0.9830999970436096 885
1561938807223 0.9840999841690063 886
1561938807238 0.9836999773979187 887
1561938807254 0.9847999811172485 888
1561938807269 0.9843999743461609 889
1561938807285 0.982699990272522 890
1561938807300 0.9832000136375427 891
1561938807315 0.9833999872207642 892
1561938807331 0.9836000204086304 893
1561938807346 0.9840999841690063 894
1561938807362 0.9850000143051147 895
1561938807377 0.9839000105857849 896
1561938807392 0.9830999970436096 897
1561938807407 0.9835000038146973 898
1561938807423 0.9833999872207642 899
1561938807438 0.9825000166893005 900
1561938807454 0.9833999872207642 901
1561938807469 0.9830999970436096 902
1561938807484 0.9822999835014343 903
1561938807500 0.9853000044822693 904
1561938807515 0.9840999841690063 905
1561938807530 0.9836000204086304 906
1561938807546 0.9842000007629395 907
1561938807561 0.9830999970436096 908
1561938807577 0.9832000136375427 909
1561938807592 0.9836000204086304 910
1561938807607 0.9850000143051147 911
1561938807623 0.982200026512146 912
1561938807638 0.9850000143051147 913
1561938807654 0.9836999773979187 914
1561938807669 0.9843999743461609 915
1561938807684 0.9853000044822693 916
1561938807702 0.9861000180244446 917
1561938807717 0.986299991607666 918
1561938807733 0.9846000075340271 919
1561938807748 0.9836999773979187 920
1561938807764 0.9847000241279602 921
1561938807779 0.9812999963760376 922
1561938807794 0.9840999841690063 923
1561938807810 0.9839000105857849 924
1561938807825 0.9818999767303467 925
1561938807841 0.9839000105857849 926
1561938807856 0.9821000099182129 927
1561938807872 0.9848999977111816 928
1561938807887 0.9835000038146973 929
1561938807902 0.9840999841690063 930
1561938807918 0.9851999878883362 931
1561938807933 0.9839000105857849 932
1561938807949 0.986299991607666 933
1561938807964 0.9848999977111816 934
1561938807980 0.9857000112533569 935
1561938807995 0.9857000112533569 936
1561938808011 0.9829000234603882 937
1561938808026 0.9835000038146973 938
1561938808042 0.9853000044822693 939
1561938808057 0.9832000136375427 940
1561938808073 0.9815999865531921 941
1561938808092 0.9840999841690063 942
1561938808108 0.9853000044822693 943
1561938808124 0.9847000241279602 944
1561938808140 0.9846000075340271 945
1561938808155 0.9830999970436096 946
1561938808171 0.983299970626831 947
1561938808187 0.9861000180244446 948
1561938808203 0.9835000038146973 949
1561938808219 0.9814000129699707 950
1561938808235 0.9836000204086304 951
1561938808251 0.9835000038146973 952
1561938808267 0.9854999780654907 953
1561938808283 0.9851999878883362 954
1561938808299 0.9832000136375427 955
1561938808314 0.982200026512146 956
1561938808330 0.9839000105857849 957
1561938808346 0.9828000068664551 958
1561938808362 0.9866999983787537 959
1561938808378 0.98580002784729 960
1561938808394 0.9846000075340271 961
1561938808409 0.9842000007629395 962
1561938808425 0.982699990272522 963
1561938808441 0.9846000075340271 964
1561938808457 0.9836999773979187 965
1561938808473 0.9822999835014343 966
1561938808489 0.9847000241279602 967
1561938808504 0.9855999946594238 968
1561938808521 0.9850000143051147 969
1561938808536 0.9840999841690063 970
1561938808552 0.9839000105857849 971
1561938808568 0.98580002784729 972
1561938808584 0.9825999736785889 973
1561938808600 0.9855999946594238 974
1561938808616 0.9825000166893005 975
1561938808631 0.9842000007629395 976
1561938808648 0.9848999977111816 977
1561938808663 0.9833999872207642 978
1561938808679 0.9853000044822693 979
1561938808696 0.9835000038146973 980
1561938808711 0.9858999848365784 981
1561938808727 0.9858999848365784 982
1561938808743 0.9836999773979187 983
1561938808759 0.9850000143051147 984
1561938808775 0.9850999712944031 985
1561938808794 0.9811000227928162 986
1561938808812 0.9842000007629395 987
1561938808829 0.9868000149726868 988
1561938808845 0.9836999773979187 989
1561938808861 0.9843999743461609 990
1561938808877 0.9854999780654907 991
1561938808893 0.9833999872207642 992
1561938808909 0.9835000038146973 993
1561938808925 0.9833999872207642 994
1561938808941 0.9839000105857849 995
1561938808957 0.9876000285148621 996
1561938808973 0.9837999939918518 997
1561938808989 0.983299970626831 998
1561938809005 0.9819999933242798 999
