1561938780872 2.9268767833709717 0
1561938780884 2.323906660079956 1
1561938780895 1.9964390993118286 2
1561938780907 1.810672402381897 3
1561938780918 1.6476925611495972 4
1561938780930 1.5382248163223267 5
1561938780942 1.4513143301010132 6
1561938780953 1.3645974397659302 7
1561938780965 1.2991892099380493 8
1561938780976 1.2492825984954834 9
1561938780988 1.208925724029541 10
1561938781000 1.163625955581665 11
1561938781011 1.1364128589630127 12
1561938781023 1.1019002199172974 13
1561938781035 1.0602576732635498 14
1561938781046 1.0391318798065186 15
1561938781058 1.0102407932281494 16
1561938781069 0.9846410155296326 17
1561938781084 0.9594841599464417 18
1561938781096 0.9353175759315491 19
1561938781107 0.9216040968894958 20
1561938781119 0.9052408933639526 21
1561938781131 0.8841186761856079 22
1561938781142 0.8649753928184509 23
1561938781153 0.8518732190132141 24
1561938781165 0.8264868855476379 25
1561938781177 0.8162282705307007 26
1561938781188 0.7921432852745056 27
1561938781200 0.7864892482757568 28
1561938781211 0.7703765630722046 29
1561938781224 0.7588304877281189 30
1561938781235 0.7428323030471802 31
1561938781247 0.7345628142356873 32
1561938781259 0.7059198021888733 33
1561938781270 0.7003860473632812 34
1561938781282 0.6878398656845093 35
1561938781293 0.6798121333122253 36
1561938781305 0.6694530248641968 37
1561938781316 0.654998242855072 38
1561938781328 0.6501023173332214 39
1561938781339 0.6405521631240845 40
1561938781351 0.623977541923523 41
1561938781363 0.6236222386360168 42
1561938781374 0.6077683568000793 43
1561938781386 0.605674147605896 44
1561938781398 0.5933285355567932 45
1561938781409 0.5914921760559082 46
1561938781422 0.5777516961097717 47
1561938781435 0.5758236050605774 48
1561938781447 0.5665557384490967 49
1561938781459 0.556382417678833 50
1561938781471 0.5422384142875671 51
1561938781483 0.5485483407974243 52
1561938781494 0.5386760234832764 53
1561938781506 0.5289233922958374 54
1561938781518 0.5232252478599548 55
1561938781530 0.5127009749412537 56
1561938781542 0.513108491897583 57
1561938781554 0.5110053420066833 58
1561938781566 0.5002153515815735 59
1561938781578 0.49127206206321716 60
1561938781589 0.47761064767837524 61
1561938781601 0.4815138578414917 62
1561938781613 0.4875624477863312 63
1561938781625 0.4691260755062103 64
1561938781637 0.47256743907928467 65
1561938781648 0.4614071249961853 66
1561938781660 0.4557638168334961 67
1561938781671 0.454436719417572 68
1561938781683 0.4470278322696686 69
1561938781695 0.43958133459091187 70
1561938781706 0.43687474727630615 71
1561938781718 0.4357052147388458 72
1561938781730 0.4292670488357544 73
1561938781742 0.42392900586128235 74
1561938781753 0.41696634888648987 75
1561938781765 0.42084863781929016 76
1561938781777 0.4160030782222748 77
1561938781789 0.40557369589805603 78
1561938781800 0.4081587791442871 79
1561938781812 0.4009859263896942 80
1561938781824 0.3963978886604309 81
1561938781836 0.39776262640953064 82
1561938781848 0.3872831165790558 83
1561938781860 0.3851539194583893 84
1561938781871 0.38937488198280334 85
1561938781883 0.3820067346096039 86
1561938781895 0.3802265226840973 87
1561938781907 0.37430745363235474 88
1561938781918 0.3681810200214386 89
1561938781930 0.3598684072494507 90
1561938781942 0.3589000105857849 91
1561938781954 0.36724853515625 92
1561938781966 0.35434502363204956 93
1561938781977 0.3555483818054199 94
1561938782052 0.357755184173584 95
1561938782073 0.34773799777030945 96
1561938782088 0.3487546741962433 97
1561938782105 0.34489986300468445 98
1561938782117 0.3451130986213684 99
1561938782128 0.33909448981285095 100
1561938782141 0.34153228998184204 101
1561938782153 0.3276440501213074 102
1561938782164 0.33122915029525757 103
1561938782176 0.3292924761772156 104
1561938782188 0.3265247642993927 105
1561938782200 0.32011649012565613 106
1561938782211 0.32137173414230347 107
1561938782223 0.31194448471069336 108
1561938782235 0.3153117001056671 109
1561938782247 0.3167492747306824 110
1561938782259 0.3145122528076172 111
1561938782271 0.3097217381000519 112
1561938782283 0.3007180392742157 113
1561938782294 0.29820695519447327 114
1561938782306 0.30606910586357117 115
1561938782318 0.3015318214893341 116
1561938782330 0.2921556234359741 117
1561938782341 0.3030870258808136 118
1561938782353 0.2949995994567871 119
1561938782365 0.2953290343284607 120
1561938782376 0.28867754340171814 121
1561938782388 0.28340911865234375 122
1561938782400 0.2879334092140198 123
1561938782412 0.28226301074028015 124
1561938782423 0.28224295377731323 125
1561938782435 0.2791380286216736 126
1561938782447 0.2811471223831177 127
1561938782459 0.27521729469299316 128
1561938782470 0.2734782099723816 129
1561938782482 0.26942506432533264 130
1561938782494 0.276048481464386 131
1561938782506 0.2711336314678192 132
1561938782517 0.26000189781188965 133
1561938782529 0.269718736410141 134
1561938782541 0.26718294620513916 135
1561938782553 0.2658638656139374 136
1561938782565 0.26602408289909363 137
1561938782576 0.2538844347000122 138
1561938782588 0.2571767568588257 139
1561938782600 0.2572430372238159 140
1561938782612 0.25007256865501404 141
1561938782624 0.2460259348154068 142
1561938782636 0.25104883313179016 143
1561938782648 0.25040990114212036 144
1561938782659 0.24920322000980377 145
1561938782671 0.2438138723373413 146
1561938782683 0.243934765458107 147
1561938782695 0.24326960742473602 148
1561938782707 0.24137553572654724 149
1561938782719 0.23958489298820496 150
1561938782730 0.23337885737419128 151
1561938782742 0.24359111487865448 152
1561938782754 0.2396809309720993 153
1561938782766 0.23625537753105164 154
1561938782778 0.23095114529132843 155
1561938782790 0.23209631443023682 156
1561938782802 0.22846701741218567 157
1561938782813 0.22553017735481262 158
1561938782825 0.22988872230052948 159
1561938782837 0.2290150374174118 160
1561938782849 0.23057521879673004 161
1561938782861 0.21393701434135437 162
1561938782873 0.2294270545244217 163
1561938782885 0.22152450680732727 164
1561938782897 0.21352368593215942 165
1561938782908 0.2132434993982315 166
1561938782920 0.21417289972305298 167
1561938782932 0.2172037661075592 168
1561938782944 0.21912351250648499 169
1561938782956 0.2121894806623459 170
1561938782968 0.21032683551311493 171
1561938782980 0.2144983410835266 172
1561938782992 0.20670627057552338 173
1561938783004 0.2115512192249298 174
1561938783016 0.20475012063980103 175
1561938783028 0.2074871063232422 176
1561938783040 0.21117475628852844 177
1561938783052 0.20055539906024933 178
1561938783064 0.20257611572742462 179
1561938783076 0.20550797879695892 180
1561938783089 0.20243273675441742 181
1561938783101 0.20285674929618835 182
1561938783113 0.20355316996574402 183
1561938783125 0.20023228228092194 184
1561938783137 0.19298981130123138 185
1561938783149 0.1920493096113205 186
1561938783161 0.19807855784893036 187
1561938783173 0.1898736208677292 188
1561938783185 0.19051074981689453 189
1561938783197 0.19151195883750916 190
1561938783209 0.19664254784584045 191
1561938783221 0.1945154070854187 192
1561938783233 0.18858177959918976 193
1561938783245 0.19110754132270813 194
1561938783257 0.18952830135822296 195
1561938783269 0.18366752564907074 196
1561938783281 0.18722891807556152 197
1561938783293 0.18903495371341705 198
1561938783305 0.1850087195634842 199
1561938783317 0.1824057549238205 200
1561938783328 0.18272365629673004 201
1561938783340 0.18113937973976135 202
1561938783353 0.17730773985385895 203
1561938783365 0.18060791492462158 204
1561938783376 0.18169650435447693 205
1561938783389 0.18021395802497864 206
1561938783401 0.181908518075943 207
1561938783412 0.1797960251569748 208
1561938783424 0.1804407387971878 209
1561938783436 0.17688031494617462 210
1561938783448 0.17828381061553955 211
1561938783460 0.1718403398990631 212
1561938783472 0.17206212878227234 213
1561938783484 0.17295168340206146 214
1561938783496 0.16959615051746368 215
1561938783508 0.16953149437904358 216
1561938783520 0.16839911043643951 217
1561938783532 0.17079228162765503 218
1561938783543 0.17046913504600525 219
1561938783555 0.16202875971794128 220
1561938783567 0.1727399230003357 221
1561938783579 0.16887742280960083 222
1561938783591 0.17166566848754883 223
1561938783603 0.16772209107875824 224
1561938783615 0.16661198437213898 225
1561938783627 0.16117507219314575 226
1561938783639 0.16408905386924744 227
1561938783651 0.1631554216146469 228
1561938783663 0.16551488637924194 229
1561938783675 0.155181884765625 230
1561938783687 0.1652863472700119 231
1561938783699 0.16059277951717377 232
1561938783710 0.15563036501407623 233
1561938783723 0.15773269534111023 234
1561938783734 0.15802817046642303 235
1561938783746 0.16234064102172852 236
1561938783758 0.15796828269958496 237
1561938783770 0.15840813517570496 238
1561938783782 0.15847636759281158 239
1561938783794 0.15271559357643127 240
1561938783806 0.1505272388458252 241
1561938783818 0.15130625665187836 242
1561938783830 0.15440109372138977 243
1561938783842 0.15274716913700104 244
1561938783854 0.14569993317127228 245
1561938783866 0.15441107749938965 246
1561938783878 0.14603066444396973 247
1561938783890 0.1511145532131195 248
1561938783902 0.1475657969713211 249
1561938783914 0.14844690263271332 250
1561938783926 0.1509147584438324 251
1561938783938 0.14727117121219635 252
1561938783950 0.14178858697414398 253
1561938783962 0.14705732464790344 254
1561938783974 0.1435711681842804 255
1561938783986 0.14481565356254578 256
1561938783998 0.1423163264989853 257
1561938784010 0.14414751529693604 258
1561938784022 0.14304786920547485 259
1561938784034 0.14343644678592682 260
1561938784046 0.13949251174926758 261
1561938784058 0.14595447480678558 262
1561938784070 0.14006155729293823 263
1561938784084 0.14101870357990265 264
1561938784097 0.14566628634929657 265
1561938784109 0.13953213393688202 266
1561938784121 0.13577328622341156 267
1561938784133 0.1359110176563263 268
1561938784145 0.13759399950504303 269
1561938784157 0.1342749297618866 270
1561938784170 0.13910971581935883 271
1561938784182 0.13547788560390472 272
1561938784194 0.13653966784477234 273
1561938784207 0.13072732090950012 274
1561938784219 0.13575783371925354 275
1561938784231 0.13172730803489685 276
1561938784243 0.13514429330825806 277
1561938784255 0.132668137550354 278
1561938784268 0.136758953332901 279
1561938784280 0.137191504240036 280
1561938784292 0.12950186431407928 281
1561938784304 0.12391345202922821 282
1561938784317 0.13235555589199066 283
1561938784329 0.13555888831615448 284
1561938784341 0.13026539981365204 285
1561938784353 0.1275070458650589 286
1561938784365 0.13084428012371063 287
1561938784377 0.1262030303478241 288
1561938784389 0.12596409022808075 289
1561938784402 0.1298362761735916 290
1561938784414 0.12616965174674988 291
1561938784426 0.12811465561389923 292
1561938784438 0.12960730493068695 293
1561938784450 0.12330179661512375 294
1561938784462 0.12633641064167023 295
1561938784475 0.1253446787595749 296
1561938784487 0.11921999603509903 297
1561938784499 0.12266439199447632 298
1561938784511 0.12316783517599106 299
1561938784523 0.12309006601572037 300
1561938784535 0.12255976349115372 301
1561938784548 0.1222434788942337 302
1561938784560 0.12473180145025253 303
1561938784572 0.11821293830871582 304
1561938784584 0.12439674139022827 305
1561938784597 0.12034465372562408 306
1561938784609 0.12001116573810577 307
1561938784621 0.12156926095485687 308
1561938784633 0.12052996456623077 309
1561938784645 0.11599484831094742 310
1561938784658 0.11984318494796753 311
1561938784670 0.11815337091684341 312
1561938784682 0.11944201588630676 313
1561938784694 0.11486345529556274 314
1561938784707 0.11589705944061279 315
1561938784719 0.11490049958229065 316
1561938784731 0.11352512240409851 317
1561938784743 0.1154569610953331 318
1561938784755 0.1130112037062645 319
1561938784767 0.11402067542076111 320
1561938784780 0.11905527114868164 321
1561938784792 0.1143953874707222 322
1561938784804 0.11440309882164001 323
1561938784816 0.11910178512334824 324
1561938784829 0.1089957058429718 325
1561938784841 0.11545096337795258 326
1561938784853 0.115271657705307 327
1561938784866 0.109192855656147 328
1561938784878 0.11427668482065201 329
1561938784890 0.11312956362962723 330
1561938784902 0.11454245448112488 331
1561938784915 0.10777563601732254 332
1561938784927 0.11455295234918594 333
1561938784939 0.11097975820302963 334
1561938784951 0.11718442291021347 335
1561938784964 0.10836252570152283 336
1561938784976 0.10553284734487534 337
1561938784989 0.10790780931711197 338
1561938785001 0.11010470986366272 339
1561938785013 0.11344750970602036 340
1561938785026 0.10814806818962097 341
1561938785038 0.11093904823064804 342
1561938785050 0.10740964114665985 343
1561938785062 0.1106700450181961 344
1561938785076 0.10761188715696335 345
1561938785090 0.10422299802303314 346
1561938785102 0.10965166240930557 347
1561938785114 0.10219325870275497 348
1561938785126 0.10616859048604965 349
1561938785139 0.10436955839395523 350
1561938785151 0.10594306886196136 351
1561938785163 0.10374250262975693 352
1561938785176 0.10637292265892029 353
1561938785188 0.10643037408590317 354
1561938785200 0.10808359086513519 355
1561938785213 0.1030125841498375 356
1561938785225 0.10182900726795197 357
1561938785237 0.10083663463592529 358
1561938785249 0.10174329578876495 359
1561938785261 0.10691666603088379 360
1561938785274 0.10027836263179779 361
1561938785286 0.10148612409830093 362
1561938785299 0.10362140834331512 363
1561938785311 0.09986844658851624 364
1561938785323 0.10661790519952774 365
1561938785335 0.1017332673072815 366
1561938785348 0.09909025579690933 367
1561938785360 0.10198626667261124 368
1561938785372 0.09699437022209167 369
1561938785385 0.10281156003475189 370
1561938785397 0.10213985294103622 371
1561938785409 0.0991620421409607 372
1561938785422 0.09719205647706985 373
1561938785434 0.09864824265241623 374
1561938785446 0.09561535716056824 375
1561938785458 0.09490832686424255 376
1561938785471 0.09672243148088455 377
1561938785483 0.09470074623823166 378
1561938785496 0.10108598321676254 379
1561938785508 0.09903125464916229 380
1561938785520 0.09603036195039749 381
1561938785533 0.09772999584674835 382
1561938785545 0.09936710447072983 383
1561938785557 0.09182260930538177 384
1561938785570 0.09616167098283768 385
1561938785582 0.09293711930513382 386
1561938785595 0.09376740455627441 387
1561938785607 0.09432868659496307 388
1561938785619 0.09679573029279709 389
1561938785632 0.09305968135595322 390
1561938785644 0.09638027101755142 391
1561938785657 0.09321224689483643 392
1561938785669 0.09686758369207382 393
1561938785682 0.0908568724989891 394
1561938785694 0.09610898792743683 395
1561938785707 0.09056838601827621 396
1561938785719 0.09586793184280396 397
1561938785731 0.09838145971298218 398
1561938785744 0.09741880744695663 399
1561938785756 0.0944717675447464 400
1561938785769 0.09073658287525177 401
1561938785781 0.08890323340892792 402
1561938785794 0.09261595457792282 403
1561938785806 0.09208455681800842 404
1561938785819 0.08751413971185684 405
1561938785831 0.09077336639165878 406
1561938785843 0.09353219717741013 407
1561938785856 0.09016289561986923 408
1561938785868 0.09529373794794083 409
1561938785881 0.09192672371864319 410
1561938785893 0.09057304263114929 411
1561938785906 0.08760854601860046 412
1561938785918 0.08913722634315491 413
1561938785931 0.08912518620491028 414
1561938785943 0.08856938779354095 415
1561938785956 0.09114778786897659 416
1561938785969 0.0920943021774292 417
1561938785981 0.08731462061405182 418
1561938785994 0.09077524393796921 419
1561938786006 0.09017910808324814 420
1561938786019 0.08971868455410004 421
1561938786031 0.08709017187356949 422
1561938786044 0.08579937368631363 423
1561938786056 0.09436243772506714 424
1561938786069 0.08894259482622147 425
1561938786086 0.08920032531023026 426
1561938786098 0.09116918593645096 427
1561938786111 0.08635731041431427 428
1561938786123 0.08647385984659195 429
1561938786136 0.09125709533691406 430
1561938786148 0.08738089352846146 431
1561938786161 0.08864405751228333 432
1561938786174 0.08925559371709824 433
1561938786186 0.08615231513977051 434
1561938786199 0.08461025357246399 435
1561938786211 0.09103266149759293 436
1561938786224 0.08647210896015167 437
1561938786236 0.0870148167014122 438
1561938786249 0.08634126931428909 439
1561938786261 0.0858912244439125 440
1561938786273 0.08924791216850281 441
1561938786286 0.09180770069360733 442
1561938786299 0.08857044577598572 443
1561938786311 0.0834895521402359 444
1561938786323 0.08404029905796051 445
1561938786336 0.08355788886547089 446
1561938786348 0.08624976128339767 447
1561938786361 0.08552813529968262 448
1561938786373 0.08104495704174042 449
1561938786386 0.08462005853652954 450
1561938786398 0.0820540264248848 451
1561938786411 0.08725005388259888 452
1561938786423 0.08255399018526077 453
1561938786435 0.08606495708227158 454
1561938786448 0.08485124260187149 455
1561938786460 0.08153753727674484 456
1561938786473 0.08244261145591736 457
1561938786485 0.08502147346735 458
1561938786498 0.08552767336368561 459
1561938786510 0.08495084196329117 460
1561938786523 0.08420000970363617 461
1561938786535 0.08425512909889221 462
1561938786548 0.07901880890130997 463
1561938786560 0.08189307898283005 464
1561938786573 0.0820140466094017 465
1561938786585 0.07955621182918549 466
1561938786598 0.07855376601219177 467
1561938786610 0.0801706314086914 468
1561938786623 0.07951813191175461 469
1561938786635 0.0848853662610054 470
1561938786648 0.07911764830350876 471
1561938786660 0.08005410432815552 472
1561938786673 0.08241059631109238 473
1561938786743 0.08081871271133423 474
1561938786756 0.08005393296480179 475
1561938786768 0.07892532646656036 476
1561938786781 0.08582835644483566 477
1561938786793 0.08013869822025299 478
1561938786806 0.07511435449123383 479
1561938786818 0.07641568034887314 480
1561938786831 0.079766184091568 481
1561938786843 0.0796748623251915 482
1561938786856 0.07557880878448486 483
1561938786868 0.07856633514165878 484
1561938786881 0.07354883849620819 485
1561938786893 0.08088479191064835 486
1561938786906 0.07594450563192368 487
1561938786918 0.07919659465551376 488
1561938786931 0.0741979107260704 489
1561938786944 0.07675008475780487 490
1561938786956 0.07737741619348526 491
1561938786969 0.0765582025051117 492
1561938786981 0.07776383310556412 493
1561938786994 0.07584227621555328 494
1561938787006 0.0805988758802414 495
1561938787019 0.07854773104190826 496
1561938787031 0.07436732202768326 497
1561938787044 0.07993021607398987 498
1561938787057 0.07788349688053131 499
1561938787069 0.07573824375867844 500
1561938787085 0.07893402129411697 501
1561938787099 0.07050366699695587 502
1561938787112 0.07741749286651611 503
1561938787126 0.0750773549079895 504
1561938787139 0.07529086619615555 505
1561938787157 0.07691271603107452 506
1561938787175 0.07511299103498459 507
1561938787190 0.07605893909931183 508
1561938787205 0.07329759746789932 509
1561938787224 0.07576139271259308 510
1561938787238 0.07761692255735397 511
1561938787251 0.07440309226512909 512
1561938787265 0.07959779351949692 513
1561938787278 0.0767190158367157 514
1561938787291 0.07547923922538757 515
1561938787304 0.07578910142183304 516
1561938787318 0.07240574806928635 517
1561938787330 0.07138389348983765 518
1561938787343 0.07485244423151016 519
1561938787355 0.07559121400117874 520
1561938787368 0.07265987247228622 521
1561938787381 0.0741313248872757 522
1561938787393 0.06961817294359207 523
1561938787406 0.07618004083633423 524
1561938787418 0.07048282772302628 525
1561938787431 0.07223822921514511 526
1561938787443 0.07274484634399414 527
1561938787456 0.07413305342197418 528
1561938787468 0.07875340431928635 529
1561938787481 0.07099366188049316 530
1561938787494 0.07137644290924072 531
1561938787506 0.06990757584571838 532
1561938787519 0.07210937142372131 533
1561938787531 0.06774298846721649 534
1561938787544 0.0738816112279892 535
1561938787557 0.07227331399917603 536
1561938787569 0.07292623817920685 537
1561938787582 0.07034981995820999 538
1561938787595 0.07205871492624283 539
1561938787607 0.06798741221427917 540
1561938787620 0.0697374939918518 541
1561938787635 0.06958022713661194 542
1561938787647 0.06892171502113342 543
1561938787660 0.07391612231731415 544
1561938787673 0.07230373471975327 545
1561938787685 0.07101760059595108 546
1561938787698 0.07102947682142258 547
1561938787710 0.06983759254217148 548
1561938787723 0.07109645754098892 549
1561938787735 0.07178610563278198 550
1561938787748 0.06839653104543686 551
1561938787761 0.07227999716997147 552
1561938787774 0.06569376587867737 553
1561938787786 0.0686056911945343 554
1561938787799 0.06820376217365265 555
1561938787811 0.0703403577208519 556
1561938787824 0.07020606845617294 557
1561938787836 0.06841492652893066 558
1561938787849 0.06680309027433395 559
1561938787862 0.0677751824259758 560
1561938787874 0.06948874145746231 561
1561938787887 0.07191985845565796 562
1561938787899 0.06453199684619904 563
1561938787912 0.06989067047834396 564
1561938787924 0.06574788689613342 565
1561938787937 0.06893917918205261 566
1561938787950 0.06676801294088364 567
1561938787962 0.07017064094543457 568
1561938787975 0.06738969683647156 569
1561938787988 0.07016664743423462 570
1561938788000 0.07196812331676483 571
1561938788013 0.06653056293725967 572
1561938788025 0.07068697363138199 573
1561938788038 0.06971843540668488 574
1561938788050 0.06862669438123703 575
1561938788063 0.06412018835544586 576
1561938788077 0.06808997690677643 577
1561938788091 0.07042277604341507 578
1561938788103 0.06937332451343536 579
1561938788116 0.06443774700164795 580
1561938788129 0.0678684189915657 581
1561938788142 0.07123779505491257 582
1561938788155 0.07031326740980148 583
1561938788168 0.0661509782075882 584
1561938788180 0.06970664113759995 585
1561938788193 0.06748732924461365 586
1561938788206 0.06678986549377441 587
1561938788219 0.06391443312168121 588
1561938788232 0.0675957128405571 589
1561938788245 0.06853877007961273 590
1561938788257 0.06794977933168411 591
1561938788270 0.06468082219362259 592
1561938788283 0.06807290762662888 593
1561938788296 0.06647994369268417 594
1561938788308 0.06541410088539124 595
1561938788322 0.06661108136177063 596
1561938788334 0.06264027208089828 597
1561938788347 0.06624847650527954 598
1561938788359 0.06783030927181244 599
1561938788372 0.0693453699350357 600
1561938788385 0.06475091725587845 601
1561938788398 0.06674813479185104 602
1561938788411 0.06535958498716354 603
1561938788423 0.06499000638723373 604
1561938788436 0.06475988775491714 605
1561938788449 0.06690306961536407 606
1561938788462 0.06671448796987534 607
1561938788474 0.06456343084573746 608
1561938788487 0.06871347874403 609
1561938788500 0.06612378358840942 610
1561938788512 0.06138751283288002 611
1561938788525 0.06472764909267426 612
1561938788538 0.06581272184848785 613
1561938788551 0.06246393918991089 614
1561938788564 0.06582820415496826 615
1561938788576 0.0680500715970993 616
1561938788589 0.06521010398864746 617
1561938788602 0.06287641823291779 618
1561938788615 0.0664002001285553 619
1561938788628 0.0658293217420578 620
1561938788640 0.06282372772693634 621
1561938788653 0.06738852709531784 622
1561938788666 0.06511713564395905 623
1561938788679 0.06529442220926285 624
1561938788692 0.06490807980298996 625
1561938788705 0.06114521995186806 626
1561938788718 0.06297605484724045 627
1561938788730 0.05898101627826691 628
1561938788743 0.06066941097378731 629
1561938788756 0.06194496899843216 630
1561938788769 0.06595535576343536 631
1561938788782 0.06128259748220444 632
1561938788795 0.06576141715049744 633
1561938788807 0.0643562525510788 634
1561938788820 0.062078844755887985 635
1561938788833 0.06354737281799316 636
1561938788846 0.06431777030229568 637
1561938788858 0.06071348860859871 638
1561938788871 0.06172889843583107 639
1561938788884 0.06651459634304047 640
1561938788897 0.06440769135951996 641
1561938788910 0.06353150308132172 642
1561938788923 0.06322430074214935 643
1561938788936 0.06287713348865509 644
1561938788949 0.06306882947683334 645
1561938788962 0.06191468611359596 646
1561938788975 0.05792488530278206 647
1561938788988 0.060743335634469986 648
1561938789001 0.06152233108878136 649
1561938789014 0.0646839514374733 650
1561938789027 0.0618063360452652 651
1561938789039 0.06422477215528488 652
1561938789052 0.05764283612370491 653
1561938789066 0.0602576918900013 654
1561938789081 0.061897266656160355 655
1561938789094 0.062282994389534 656
1561938789107 0.06083071231842041 657
1561938789120 0.06394758820533752 658
1561938789133 0.058205846697092056 659
1561938789146 0.063670814037323 660
1561938789159 0.059930358082056046 661
1561938789172 0.06278590112924576 662
1561938789185 0.056678541004657745 663
1561938789198 0.06040790304541588 664
1561938789211 0.06065133213996887 665
1561938789223 0.06318379193544388 666
1561938789236 0.060106758028268814 667
1561938789250 0.060263752937316895 668
1561938789263 0.05922115966677666 669
1561938789276 0.06303346902132034 670
1561938789289 0.05772901698946953 671
1561938789302 0.06239643692970276 672
1561938789315 0.06289207935333252 673
1561938789328 0.061401087790727615 674
1561938789341 0.05797465890645981 675
1561938789354 0.06119929254055023 676
1561938789367 0.06003902480006218 677
1561938789380 0.059492576867341995 678
1561938789393 0.056340642273426056 679
1561938789406 0.062399476766586304 680
1561938789419 0.057542938739061356 681
1561938789432 0.059197790920734406 682
1561938789445 0.05606728419661522 683
1561938789458 0.05829325690865517 684
1561938789471 0.060524798929691315 685
1561938789484 0.0578593872487545 686
1561938789497 0.05832384154200554 687
1561938789509 0.05779241397976875 688
1561938789522 0.05989808961749077 689
1561938789535 0.06099233403801918 690
1561938789548 0.05867550149559975 691
1561938789561 0.05588029325008392 692
1561938789574 0.06160428375005722 693
1561938789587 0.05897824093699455 694
1561938789600 0.05815893039107323 695
1561938789613 0.06005799025297165 696
1561938789626 0.05835401639342308 697
1561938789638 0.05747324228286743 698
1561938789651 0.05563436448574066 699
1561938789664 0.05775415152311325 700
1561938789677 0.05660621449351311 701
1561938789690 0.05800881236791611 702
1561938789703 0.06195957586169243 703
1561938789716 0.055618297308683395 704
1561938789729 0.05789703503251076 705
1561938789742 0.059367455542087555 706
1561938789755 0.05570481717586517 707
1561938789768 0.05725521966814995 708
1561938789781 0.055290430784225464 709
1561938789794 0.0568992905318737 710
1561938789807 0.05756326764822006 711
1561938789820 0.059552282094955444 712
1561938789833 0.05368649959564209 713
1561938789846 0.05929785221815109 714
1561938789859 0.057405684143304825 715
1561938789872 0.05977418273687363 716
1561938789885 0.05545568838715553 717
1561938789898 0.05930899828672409 718
1561938789911 0.05487317591905594 719
1561938789924 0.05515368655323982 720
1561938789937 0.05554179847240448 721
1561938789950 0.055807165801525116 722
1561938789963 0.05485669523477554 723
1561938789976 0.05928703770041466 724
1561938789989 0.05265524983406067 725
1561938790002 0.05607208237051964 726
1561938790015 0.05484004691243172 727
1561938790028 0.05505738407373428 728
1561938790041 0.05491160973906517 729
1561938790055 0.05781956762075424 730
1561938790068 0.05831574648618698 731
1561938790083 0.05271618068218231 732
1561938790097 0.05851933732628822 733
1561938790110 0.05381890386343002 734
1561938790123 0.05325521156191826 735
1561938790137 0.054359111934900284 736
1561938790150 0.05672493949532509 737
1561938790222 0.05672372877597809 738
1561938790235 0.05239909514784813 739
1561938790249 0.058911342173814774 740
1561938790263 0.05461309850215912 741
1561938790276 0.0596991702914238 742
1561938790290 0.05711108446121216 743
1561938790303 0.05561653897166252 744
1561938790317 0.0560276173055172 745
1561938790330 0.051773492246866226 746
1561938790344 0.05971497669816017 747
1561938790357 0.05441273748874664 748
1561938790371 0.05713696405291557 749
1561938790384 0.0555807426571846 750
1561938790398 0.055088624358177185 751
1561938790411 0.05699322372674942 752
1561938790425 0.056687988340854645 753
1561938790438 0.05349482595920563 754
1561938790452 0.05289100855588913 755
1561938790465 0.05265720933675766 756
1561938790478 0.052340637892484665 757
1561938790492 0.04921405762434006 758
1561938790506 0.054432615637779236 759
1561938790519 0.053463634103536606 760
1561938790533 0.054243262857198715 761
1561938790546 0.053816039115190506 762
1561938790560 0.052524253726005554 763
1561938790573 0.05382942035794258 764
1561938790587 0.05434505641460419 765
1561938790600 0.0533759631216526 766
1561938790614 0.05272241309285164 767
1561938790628 0.05734195560216904 768
1561938790641 0.05458977073431015 769
1561938790655 0.05305424705147743 770
1561938790669 0.05207553878426552 771
1561938790682 0.05498819425702095 772
1561938790696 0.05363475903868675 773
1561938790709 0.05490831285715103 774
1561938790723 0.05298122391104698 775
1561938790736 0.05326422303915024 776
1561938790749 0.05409160256385803 777
1561938790762 0.05421154946088791 778
1561938790775 0.0546257458627224 779
1561938790789 0.05260958895087242 780
1561938790802 0.05467577651143074 781
1561938790815 0.05029640346765518 782
1561938790829 0.05615226924419403 783
1561938790842 0.05150969326496124 784
1561938790855 0.05430014058947563 785
1561938790869 0.05508885532617569 786
1561938790882 0.05304555222392082 787
1561938790896 0.0511595755815506 788
1561938790909 0.050463780760765076 789
1561938790922 0.05310897156596184 790
1561938790936 0.05308765918016434 791
1561938790949 0.04891124367713928 792
1561938790963 0.05380406975746155 793
1561938790976 0.05284222960472107 794
1561938790989 0.05208258703351021 795
1561938791003 0.054363928735256195 796
1561938791016 0.054640110582113266 797
1561938791029 0.05319014936685562 798
1561938791042 0.049996256828308105 799
1561938791056 0.050486624240875244 800
1561938791069 0.051312610507011414 801
1561938791085 0.05104799196124077 802
1561938791098 0.050530705600976944 803
1561938791111 0.0523596927523613 804
1561938791124 0.052280113101005554 805
1561938791138 0.05174621567130089 806
1561938791151 0.05309019610285759 807
1561938791164 0.05377839878201485 808
1561938791177 0.0506664477288723 809
1561938791191 0.051431749016046524 810
1561938791204 0.0507279708981514 811
1561938791217 0.05442865565419197 812
1561938791230 0.05098671093583107 813
1561938791244 0.05014423280954361 814
1561938791257 0.0514124371111393 815
1561938791271 0.04948562756180763 816
1561938791284 0.05379660800099373 817
1561938791297 0.052292030304670334 818
1561938791310 0.05118166655302048 819
1561938791324 0.051493071019649506 820
1561938791337 0.05285784974694252 821
1561938791350 0.04976608604192734 822
1561938791364 0.05098149925470352 823
1561938791377 0.05011701211333275 824
1561938791390 0.05022633820772171 825
1561938791403 0.04854079708456993 826
1561938791416 0.04988674446940422 827
1561938791430 0.053413938730955124 828
1561938791443 0.05426674708724022 829
1561938791456 0.054205603897571564 830
1561938791470 0.04937310889363289 831
1561938791483 0.05094863846898079 832
1561938791496 0.050296247005462646 833
1561938791509 0.049160730093717575 834
1561938791523 0.05131916329264641 835
1561938791536 0.048072777688503265 836
1561938791550 0.05019565671682358 837
1561938791563 0.04739420861005783 838
1561938791576 0.04892534762620926 839
1561938791589 0.05090487003326416 840
1561938791603 0.04947950318455696 841
1561938791616 0.05382712557911873 842
1561938791630 0.04572714865207672 843
1561938791643 0.05090412497520447 844
1561938791656 0.05009182542562485 845
1561938791669 0.047978367656469345 846
1561938791683 0.04801523685455322 847
1561938791696 0.05104565992951393 848
1561938791709 0.04824269562959671 849
1561938791723 0.05042353644967079 850
1561938791737 0.05245614051818848 851
1561938791750 0.05081966891884804 852
1561938791763 0.05003185197710991 853
1561938791776 0.04623394459486008 854
1561938791790 0.047803472727537155 855
1561938791803 0.05310780555009842 856
1561938791817 0.05271879956126213 857
1561938791830 0.051347192376852036 858
1561938791843 0.049923237413167953 859
1561938791857 0.04712758585810661 860
1561938791870 0.051231324672698975 861
1561938791884 0.050660133361816406 862
1561938791897 0.05155535787343979 863
1561938791911 0.04845475032925606 864
1561938791925 0.05062948539853096 865
1561938791938 0.0503595732152462 866
1561938791952 0.04893093928694725 867
1561938791966 0.050598856061697006 868
1561938791980 0.04896635562181473 869
1561938791993 0.047309666872024536 870
1561938792007 0.050416506826877594 871
1561938792020 0.05093599110841751 872
1561938792034 0.04703906178474426 873
1561938792047 0.04799500107765198 874
1561938792060 0.05331209674477577 875
1561938792075 0.04997134208679199 876
1561938792091 0.05040869861841202 877
1561938792105 0.04440347105264664 878
1561938792119 0.05205483362078667 879
1561938792132 0.05066613107919693 880
1561938792146 0.04609479755163193 881
1561938792159 0.04619661718606949 882
1561938792172 0.04961671307682991 883
1561938792186 0.045922741293907166 884
1561938792199 0.04891442880034447 885
1561938792213 0.047284673899412155 886
1561938792226 0.047924816608428955 887
1561938792240 0.04811589792370796 888
1561938792253 0.04766840115189552 889
1561938792267 0.050692133605480194 890
1561938792280 0.05118674784898758 891
1561938792293 0.049635596573352814 892
1561938792307 0.0502227284014225 893
1561938792378 0.04631263390183449 894
1561938792392 0.04425616189837456 895
1561938792405 0.04928146302700043 896
1561938792419 0.04888483136892319 897
1561938792432 0.0468008778989315 898
1561938792445 0.04753018915653229 899
1561938792459 0.05122891813516617 900
1561938792472 0.048418812453746796 901
1561938792486 0.0487651601433754 902
1561938792500 0.0494501106441021 903
1561938792513 0.04527818784117699 904
1561938792526 0.04670800641179085 905
1561938792540 0.048761121928691864 906
1561938792554 0.04659063369035721 907
1561938792567 0.049281153827905655 908
1561938792581 0.04726185277104378 909
1561938792594 0.048184193670749664 910
1561938792608 0.04624878987669945 911
1561938792621 0.048854611814022064 912
1561938792635 0.045812755823135376 913
1561938792648 0.046883098781108856 914
1561938792662 0.047059159725904465 915
1561938792675 0.04684130847454071 916
1561938792689 0.045121267437934875 917
1561938792702 0.04579497501254082 918
1561938792716 0.045305926352739334 919
1561938792730 0.04635199159383774 920
1561938792743 0.04596373438835144 921
1561938792756 0.049250148236751556 922
1561938792770 0.04582354053854942 923
1561938792784 0.049415331333875656 924
1561938792797 0.04673570394515991 925
1561938792811 0.04662554711103439 926
1561938792824 0.05023214966058731 927
1561938792838 0.046231456100940704 928
1561938792851 0.04590156301856041 929
1561938792865 0.04852563887834549 930
1561938792878 0.04512957111001015 931
1561938792892 0.04833444952964783 932
1561938792905 0.04444558918476105 933
1561938792919 0.04463255777955055 934
1561938792932 0.04355725646018982 935
1561938792945 0.0468776635825634 936
1561938792959 0.04844272509217262 937
1561938792973 0.04844050481915474 938
1561938792986 0.04567217826843262 939
1561938793000 0.04696592316031456 940
1561938793014 0.048206575214862823 941
1561938793027 0.044477589428424835 942
1561938793040 0.04520844295620918 943
1561938793054 0.044295746833086014 944
1561938793067 0.04394484683871269 945
1561938793084 0.049595948308706284 946
1561938793097 0.047274935990571976 947
1561938793111 0.04425390064716339 948
1561938793125 0.049562081694602966 949
1561938793138 0.04767801985144615 950
1561938793152 0.04618970304727554 951
1561938793165 0.04809316247701645 952
1561938793179 0.04565000906586647 953
1561938793192 0.04488842934370041 954
1561938793206 0.04787110909819603 955
1561938793220 0.050306327641010284 956
1561938793233 0.04661918804049492 957
1561938793247 0.04761222004890442 958
1561938793261 0.04425516352057457 959
1561938793274 0.04568943753838539 960
1561938793288 0.04434914141893387 961
1561938793301 0.0471276231110096 962
1561938793315 0.048091642558574677 963
1561938793329 0.04719161242246628 964
1561938793342 0.047106772661209106 965
1561938793356 0.04878930002450943 966
1561938793369 0.044509273022413254 967
1561938793383 0.044807612895965576 968
1561938793397 0.044603653252124786 969
1561938793411 0.04754793271422386 970
1561938793424 0.046609099954366684 971
1561938793438 0.04210032522678375 972
1561938793451 0.04822162538766861 973
1561938793465 0.04428698495030403 974
1561938793479 0.04861912876367569 975
1561938793493 0.04893399402499199 976
1561938793506 0.04637710005044937 977
1561938793520 0.04665501415729523 978
1561938793534 0.046993009746074677 979
1561938793547 0.04604380950331688 980
1561938793561 0.04353739321231842 981
1561938793574 0.04478507116436958 982
1561938793588 0.047377705574035645 983
1561938793601 0.04594144970178604 984
1561938793615 0.042695302516222 985
1561938793628 0.0495704784989357 986
1561938793642 0.04610517621040344 987
1561938793655 0.04200221598148346 988
1561938793669 0.04434681311249733 989
1561938793682 0.047248274087905884 990
1561938793696 0.04394837096333504 991
1561938793709 0.04423722252249718 992
1561938793723 0.04715260490775108 993
1561938793736 0.04651898145675659 994
1561938793750 0.04501301422715187 995
1561938793763 0.04284253343939781 996
1561938793777 0.04765217751264572 997
1561938793790 0.04617708548903465 998
1561938793804 0.04819680005311966 999
