1561943463719 0.14340000195503236 0
1561943463728 0.5157999995231628 1
1561943463737 0.611100004196167 2
1561943463746 0.6986000030517578 3
1561943463755 0.7437000052452087 4
1561943463764 0.7749000034332275 5
1561943463773 0.8020999985694885 6
1561943463782 0.8173000018119811 7
1561943463791 0.8345000005722046 8
1561943463800 0.8517000025749206 9
1561943463809 0.8538000029563904 10
1561943463818 0.8695999981880188 11
1561943463827 0.8787000024795533 12
1561943463836 0.8851000002861023 13
1561943463845 0.8923999987602234 14
1561943463854 0.9017000012397766 15
1561943463863 0.9031000008583069 16
1561943463872 0.9054000016212463 17
1561943463881 0.9134999965667725 18
1561943463890 0.9199000033378602 19
1561943463899 0.9235999972343445 20
1561943463908 0.9274999957084655 21
1561943463917 0.9295000018119812 22
1561943463926 0.930699999332428 23
1561943463935 0.934300002861023 24
1561943463944 0.9383999953269958 25
1561943463953 0.9426999953269959 26
1561943463962 0.9421000039100647 27
1561943463971 0.9455999956130982 28
1561943463980 0.9491000020980835 29
1561943463989 0.9470000028610229 30
1561943463998 0.9505999999046326 31
1561943464007 0.9527999956130981 32
1561943464016 0.9550999952316284 33
1561943464025 0.954700001335144 34
1561943464034 0.9576999966621399 35
1561943464043 0.9581000020980835 36
1561943464052 0.9601000009536743 37
1561943464061 0.9612000038146973 38
1561943464070 0.9604999966621399 39
1561943464081 0.9611000038146973 40
1561943464091 0.965299997329712 41
1561943464100 0.9666000034332275 42
1561943464109 0.9657000052452087 43
1561943464118 0.9646000030517579 44
1561943464127 0.9679000044822693 45
1561943464136 0.9696000038146972 46
1561943464145 0.9714999969482422 47
1561943464154 0.9691999983787537 48
1561943464163 0.9723000012397766 49
1561943464172 0.9748000022888184 50
1561943464181 0.9737000008583069 51
1561943464190 0.974099995136261 52
1561943464199 0.9770000000953675 53
1561943464209 0.9757000037193299 54
1561943464218 0.9766999976158142 55
1561943464227 0.9780999961853027 56
1561943464236 0.9803999986648559 57
1561943464245 0.9786000004768372 58
1561943464254 0.9796000029563904 59
1561943464263 0.9792999972343445 60
1561943464273 0.9806000029563904 61
1561943464282 0.9792999972343445 62
1561943464291 0.9793000004768372 63
1561943464300 0.9800000000953675 64
1561943464309 0.9806000000953674 65
1561943464318 0.984199995803833 66
1561943464327 0.9830999954223633 67
1561943464336 0.9859999972343445 68
1561943464345 0.9844999964714051 69
1561943464355 0.9832999954223632 70
1561943464364 0.9851999968528747 71
1561943464373 0.9835000019073487 72
1561943464382 0.9873999997138977 73
1561943464391 0.9850000040054321 74
1561943464401 0.9854000029563904 75
1561943464410 0.9880000011444092 76
1561943464419 0.9881000043869018 77
1561943464428 0.9863999997138977 78
1561943464437 0.9865999982833862 79
1561943464446 0.9896999979019165 80
1561943464456 0.9876999968528748 81
1561943464465 0.9867000015258789 82
1561943464474 0.9858999950408935 83
1561943464483 0.988799996471405 84
1561943464492 0.989299996471405 85
1561943464501 0.9906000007629394 86
1561943464510 0.9890999979019165 87
1561943464520 0.9903999960899353 88
1561943464529 0.990299999332428 89
1561943464538 0.9897999950408936 90
1561943464547 0.9897000011444091 91
1561943464557 0.990299996471405 92
1561943464566 0.9917000025749206 93
1561943464575 0.9919999946594238 94
1561943464584 0.9900999946594238 95
1561943464593 0.9908999997138978 96
1561943464602 0.9885999954223633 97
1561943464611 0.991399999332428 98
1561943464620 0.9914999993324279 99
1561943464630 0.9909000040054321 100
1561943464639 0.9934000007629394 101
1561943464648 0.989899996471405 102
1561943464658 0.9924999960899353 103
1561943464667 0.9928999960899353 104
1561943464676 0.9934000021934509 105
1561943464685 0.9912999979019165 106
1561943464694 0.9917999960899353 107
1561943464704 0.9918000007629395 108
1561943464713 0.9935999946594238 109
1561943464722 0.993299999332428 110
1561943464731 0.9918999960899353 111
1561943464740 0.9936000021934509 112
1561943464750 0.992199999332428 113
1561943464759 0.9939000050544738 114
1561943464768 0.9938000036239624 115
1561943464777 0.9945000036239624 116
1561943464786 0.9933000036239624 117
1561943464795 0.9938999960899353 118
1561943464805 0.9946000003814697 119
1561943464814 0.9950999975204468 120
1561943464823 0.9937999975204468 121
1561943464832 0.9938999975204468 122
1561943464841 0.9937999960899353 123
1561943464851 0.9948999975204468 124
1561943464860 0.9947000003814698 125
1561943464869 0.9928000021934509 126
1561943464878 0.9941999989509582 127
1561943464888 0.9947000003814698 128
1561943464897 0.9954000036239624 129
1561943464906 0.9944000018119812 130
1561943464915 0.9949999975204468 131
1561943464925 0.9947999957084656 132
1561943464934 0.993999997138977 133
1561943464943 0.9933000003814697 134
1561943464952 0.9949999960899353 135
1561943464962 0.9945999957084656 136
1561943464971 0.9941999957084656 137
1561943464980 0.9945999971389771 138
1561943464989 0.9940000050544738 139
1561943464998 0.9930000036239625 140
1561943465008 0.9953999960899353 141
1561943465017 0.9947000036239624 142
1561943465026 0.9955999989509583 143
1561943465036 0.9963999975204467 144
1561943465045 0.9956000003814697 145
1561943465054 0.9952999989509582 146
1561943465063 0.9951999960899353 147
1561943465073 0.9948000021934509 148
1561943465085 0.9955999971389771 149
1561943465094 0.9953000003814697 150
1561943465104 0.9953999989509582 151
1561943465113 0.9951999975204467 152
1561943465122 0.9956000021934509 153
1561943465131 0.9946000018119812 154
1561943465140 0.9959999989509583 155
1561943465149 0.9959999960899353 156
1561943465159 0.9952999989509582 157
1561943465168 0.9968000003814698 158
1561943465177 0.9964999971389771 159
1561943465186 0.996099997138977 160
1561943465195 0.9966000003814697 161
1561943465205 0.9965999957084656 162
1561943465214 0.9961000003814697 163
1561943465223 0.9955000018119812 164
1561943465232 0.9961000003814697 165
1561943465241 0.9956000018119812 166
1561943465250 0.9952000007629395 167
1561943465260 0.9969000003814698 168
1561943465269 0.9960000036239623 169
1561943465278 0.9963000018119812 170
1561943465287 0.9971000050544738 171
1561943465296 0.9977999985694885 172
1561943465305 0.996199997138977 173
1561943465314 0.9959000018119812 174
1561943465324 0.9962999971389771 175
1561943465333 0.9956000036239624 176
1561943465342 0.9970000003814697 177
1561943465351 0.9959000050544738 178
1561943465361 0.9970999985694885 179
1561943465370 0.9968000032424926 180
1561943465379 0.9970000003814697 181
1561943465388 0.9970000032424927 182
1561943465397 0.9957999957084656 183
1561943465407 0.9969000032424927 184
1561943465416 0.9970999985694885 185
1561943465425 0.9970000018119812 186
1561943465434 0.9968000050544739 187
1561943465443 0.9965000050544739 188
1561943465453 0.9970999985694885 189
1561943465462 0.9968000050544739 190
1561943465472 0.9963999971389771 191
1561943465481 0.9964000018119812 192
1561943465490 0.996899997138977 193
1561943465499 0.995999997138977 194
1561943465509 0.9970000003814697 195
1561943465518 0.9966999957084656 196
1561943465527 0.9969999957084655 197
1561943465537 0.9968999957084655 198
1561943465546 0.9966999971389771 199
