1561943465555 -1.0832171478271484 0
1561943465565 -0.5263929155349731 1
1561943465574 -0.4612276088714601 2
1561943465583 -0.35199250249862657 3
1561943465592 -0.32851106719970713 4
1561943465602 -0.3246910418510437 5
1561943465611 -0.3119990707397461 6
1561943465620 -0.3117822057723999 7
1561943465630 -0.30353935542106625 8
1561943465639 -0.29454387750625605 9
1561943465648 -0.2837233898639679 10
1561943465658 -0.25592972464561464 11
1561943465667 -0.23158086328506466 12
1561943465676 -0.22734153261184692 13
1561943465686 -0.22383416433334352 14
1561943465695 -0.2049803346633911 15
1561943465705 -0.18522382855415342 16
1561943465714 -0.1776902199268341 17
1561943465723 -0.1657343662261963 18
1561943465733 -0.1581372401714325 19
1561943465742 -0.15890206689834596 20
1561943465751 -0.1709718857288361 21
1561943465761 -0.17494914031028752 22
1561943465770 -0.16663401298522945 23
1561943465779 -0.1534948419094086 24
1561943465789 -0.14290120978355408 25
1561943465798 -0.14227886161804199 26
1561943465807 -0.13681497678756716 27
1561943465817 -0.1244023753643036 28
1561943465826 -0.12134500474929813 29
1561943465835 -0.12527529890537262 30
1561943465845 -0.12433805785179139 31
1561943465854 -0.11675621771812442 32
1561943465864 -0.10255217332839964 33
1561943465873 -0.09544839892387391 34
1561943465882 -0.08998348038196563 35
1561943465892 -0.09185381069183352 36
1561943465901 -0.09065765612125398 37
1561943465911 -0.08895087947845456 38
1561943465920 -0.08623236601352693 39
1561943465929 -0.08192660748958586 40
1561943465939 -0.07203455481529233 41
1561943465948 -0.07112802879810334 42
1561943465958 -0.06975791964530947 43
1561943465967 -0.07632825560569764 44
1561943465977 -0.07103095850944519 45
1561943465986 -0.06104922859668732 46
1561943465995 -0.05767394425868988 47
1561943466005 -0.06344100596904756 48
1561943466014 -0.06267456700801852 49
1561943466024 -0.05861869916915893 50
1561943466033 -0.06286717643737791 51
1561943466042 -0.057004448246955886 52
1561943466052 -0.04619105639457702 53
1561943466062 -0.053705506825447086 54
1561943466071 -0.057816899895668045 55
1561943466082 -0.04405661175251005 56
1561943466092 -0.03687419087886809 57
1561943466102 -0.041413678359985356 58
1561943466112 -0.04153615396022797 59
1561943466122 -0.04448349368572235 60
1561943466132 -0.04208804013729095 61
1561943466146 -0.036789475703239455 62
1561943466157 -0.04273774933815003 63
1561943466171 -0.042569816255569465 64
1561943466181 -0.033335751271247854 65
1561943466195 -0.03543303570747375 66
1561943466205 -0.037997200608253484 67
1561943466222 -0.029908177936077127 68
1561943466233 -0.038667568898201 69
1561943466243 -0.03257876830101013 70
1561943466253 -0.028084329211711903 71
1561943466263 -0.030059263134002687 72
1561943466273 -0.029836514151096352 73
1561943466282 -0.03306300852298737 74
1561943466292 -0.033371659588813773 75
1561943466302 -0.030761622774600983 76
1561943466318 -0.0304496862888336 77
1561943466327 -0.033571741211414347 78
1561943466337 -0.030258133804798137 79
1561943466346 -0.021959625864028914 80
1561943466356 -0.02569690958261489 81
1561943466366 -0.03026566056013108 82
1561943466376 -0.027876673603057872 83
1561943466385 -0.02701517423391342 84
1561943466395 -0.02134261703491211 85
1561943466404 -0.015823635733127603 86
1561943466414 -0.027796835994720465 87
1561943466423 -0.02303299198150635 88
1561943466432 -0.01784164251089096 89
1561943466442 -0.02301952152252197 90
1561943466451 -0.02239972273111343 91
1561943466461 -0.021082853353023526 92
1561943466471 -0.016507986664772045 93
1561943466480 -0.019448117709159857 94
1561943466490 -0.01824700911045074 95
1561943466499 -0.016929432463645935 96
1561943466509 -0.020098077309131615 97
1561943466519 -0.013308155512809741 98
1561943466528 -0.01621657882928848 99
1561943466538 -0.018531584823131567 100
1561943466547 -0.012279225862026205 101
1561943466557 -0.01537068195343018 102
1561943466566 -0.012271662724018098 103
1561943466576 -0.015706834566593178 104
1561943466585 -0.01814779995679855 105
1561943466595 -0.014154680800437927 106
1561943466605 -0.01094119596481323 107
1561943466614 -0.012938886559009558 108
1561943466624 -0.013635128104686728 109
1561943466633 -0.014876398777961722 110
1561943466643 -0.010165797924995418 111
1561943466652 -0.011020343470573415 112
1561943466662 -0.011200373971462244 113
1561943466672 -0.00825789427757262 114
1561943466681 -0.013615699553489694 115
1561943466691 -0.011637610113620758 116
1561943466701 -0.008190377473831181 117
1561943466710 -0.0056285039544105575 118
1561943466720 -0.006714584720134739 119
1561943466729 -0.005829431319236758 120
1561943466739 -0.005403056275844573 121
1561943466748 -0.003623650288581845 122
1561943466758 -0.0025542059063911465 123
1561943466768 -0.0039657510638237 124
1561943466777 -0.0050543305516242976 125
1561943466787 -0.00784967790842056 126
1561943466797 -0.004329561316967004 127
1561943466806 -0.00466983827352524 128
1561943466816 -0.0037657097339630075 129
1561943466826 -0.0028613172650337193 130
1561943466835 -0.001653455841541293 131
1561943466845 -0.003629752165079117 132
1561943466855 -0.0052383793354034425 133
1561943466864 -0.005715648245811472 134
1561943466874 -0.002939221858978276 135
1561943466884 -0.0003840474724769588 136
1561943466893 -0.0015244137644767758 137
1561943466903 -0.0041360455811023655 138
1561943466913 -0.0033902392327785497 139
1561943466922 -0.002954308128356939 140
1561943466932 -0.0005258963346481335 141
1561943466941 0.0033609121441841097 142
1561943466951 0.002935944873094558 143
1561943466961 0.004286281341314313 144
1561943466971 0.0069367585599422465 145
1561943466980 0.00025053033232688704 146
1561943466990 0.0006951017856597907 147
1561943467000 0.004425224685668951 148
1561943467009 0.0021682514071464515 149
1561943467019 0.00039399952292442503 150
1561943467029 0.0027340613782405876 151
1561943467038 0.0030567724585533196 152
1561943467048 0.0037770503520965573 153
1561943467058 0.0033380841612815834 154
1561943467067 0.0039643956422805784 155
1561943467080 0.0055514077186584465 156
1561943467090 0.002456374871730803 157
1561943467100 0.005217486292123798 158
1561943467110 0.005378498697280881 159
1561943467120 0.006013693207502363 160
1561943467129 0.00533490849137306 161
1561943467139 0.006933698111772538 162
1561943467148 0.00535326923131943 163
1561943467158 0.007878251588344577 164
1561943467168 0.006479378122091289 165
1561943467178 0.004331919783353809 166
1561943467187 0.006787832176685334 167
1561943467197 0.00896999068260193 168
1561943467207 0.007269865417480474 169
1561943467216 0.006901368904113768 170
1561943467226 0.011162090849876405 171
1561943467236 0.009971656382083895 172
1561943467245 0.007919338899850845 173
1561943467255 0.00747501319050789 174
1561943467265 0.01014007354974747 175
1561943467274 0.008432141274213788 176
1561943467284 0.008488275474309921 177
1561943467294 0.009241091901063918 178
1561943467304 0.011496897315979006 179
1561943467313 0.008926881456375123 180
1561943467323 0.009595497262477881 181
1561943467333 0.011535821068286899 182
1561943467342 0.008867915081977845 183
1561943467352 0.01075577172040939 184
1561943467362 0.01280026689767838 185
1561943467372 0.010852906996011734 186
1561943467381 0.012897856992483143 187
1561943467391 0.010793208092451101 188
1561943467401 0.012777816754579542 189
1561943467410 0.01365296733379364 190
1561943467420 0.010757061588764188 191
1561943467430 0.011289155000448227 192
1561943467439 0.013180968099832532 193
1561943467449 0.013136106437444686 194
1561943467459 0.015379006683826447 195
1561943467469 0.0123008097410202 196
1561943467479 0.013005049371719361 197
1561943467488 0.013655779349803929 198
1561943467498 0.015575602918863299 199
