1561943461961 2.453393138885498 0
1561943461969 1.5451723239898683 1
1561943461978 1.2907694360733033 2
1561943461986 1.1015377424240111 3
1561943461995 1.0015240428924561 4
1561943462004 0.9278859938621521 5
1561943462012 0.8696631914138794 6
1561943462021 0.8280084130287171 7
1561943462030 0.7815355199813843 8
1561943462038 0.74115053358078 9
1561943462047 0.7112775235176086 10
1561943462056 0.6779135977745057 11
1561943462064 0.6469717267036438 12
1561943462073 0.6256377738952636 13
1561943462084 0.6015193202018738 14
1561943462092 0.5730357836723328 15
1561943462101 0.5481489143371582 16
1561943462109 0.5359378245353699 17
1561943462118 0.5165782793045044 18
1561943462126 0.5012466549873352 19
1561943462135 0.4822142683982849 20
1561943462144 0.46788073735237123 21
1561943462152 0.4542711083889008 22
1561943462161 0.4407217276573181 23
1561943462170 0.42846370158195496 24
1561943462178 0.41035794157981875 25
1561943462187 0.40088662800788877 26
1561943462195 0.3917486747264862 27
1561943462204 0.37892537775039675 28
1561943462212 0.36569463081359865 29
1561943462221 0.3620252758979797 30
1561943462230 0.35266303930282594 31
1561943462239 0.3415937082767487 32
1561943462247 0.3350971643447876 33
1561943462256 0.3234563230037689 34
1561943462264 0.3137040105342865 35
1561943462273 0.30811696305274966 36
1561943462281 0.3008244088172913 37
1561943462290 0.2948901750087738 38
1561943462299 0.286587654876709 39
1561943462308 0.28147264289855956 40
1561943462316 0.2727276259422302 41
1561943462325 0.2647127731323242 42
1561943462334 0.26062375221252443 43
1561943462342 0.26041299624443054 44
1561943462351 0.24979726538658142 45
1561943462360 0.2432647808074951 46
1561943462369 0.23724101057052613 47
1561943462377 0.23687342598438263 48
1561943462386 0.23167869296073915 49
1561943462394 0.22057542917728423 50
1561943462403 0.21815207924842833 51
1561943462411 0.21437005598545075 52
1561943462420 0.20669196178913116 53
1561943462429 0.20241091611385345 54
1561943462438 0.20247738015651703 55
1561943462446 0.19923507151603698 56
1561943462455 0.1903804835796356 57
1561943462464 0.19084250481128692 58
1561943462472 0.18609483306407928 59
1561943462481 0.18497283232212067 60
1561943462490 0.18058569707870484 61
1561943462498 0.179439590716362 62
1561943462507 0.17208933281898497 63
1561943462515 0.17108671667575837 64
1561943462524 0.1667799201965332 65
1561943462533 0.16419333229064942 66
1561943462542 0.16550817346572877 67
1561943462551 0.15455890681743623 68
1561943462559 0.15687197778224946 69
1561943462568 0.15299263565540314 70
1561943462577 0.15120006015300752 71
1561943462585 0.1496258540391922 72
1561943462594 0.14121557126045228 73
1561943462603 0.14554984793663026 74
1561943462611 0.14128697974681853 75
1561943462620 0.13553135590553284 76
1561943462629 0.13483298850059508 77
1561943462638 0.1348568619966507 78
1561943462646 0.13475819907188416 79
1561943462655 0.12679009380340575 80
1561943462664 0.12865767798423766 81
1561943462672 0.12718048570156099 82
1561943462681 0.1258415119290352 83
1561943462690 0.12361712505817413 84
1561943462698 0.11791516304016113 85
1561943462707 0.11642970696687699 86
1561943462716 0.11746254227161408 87
1561943462725 0.11213421419858932 88
1561943462734 0.11110235650539398 89
1561943462742 0.11278725754022598 90
1561943462751 0.1101945336818695 91
1561943462760 0.1098838237285614 92
1561943462768 0.10418346011638642 93
1561943462777 0.10681289825439454 94
1561943462786 0.1041391268491745 95
1561943462794 0.10199900163412094 96
1561943462803 0.1043557433605194 97
1561943462812 0.09918139437437057 98
1561943462820 0.09728529481887817 99
1561943462829 0.0989969745516777 100
1561943462838 0.09449936232566833 101
1561943462847 0.09742742813825607 102
1561943462856 0.0951004852771759 103
1561943462864 0.09325501091480255 104
1561943462873 0.09195257567167282 105
1561943462882 0.0897161778330803 106
1561943462891 0.09056047755479812 107
1561943462899 0.09289465329647065 108
1561943462908 0.08530747481584548 109
1561943462917 0.08568585160970688 110
1561943462926 0.08551301530599593 111
1561943462935 0.08355494825839996 112
1561943462943 0.08372441824674606 113
1561943462952 0.08035306298732757 114
1561943462961 0.081749988758564 115
1561943462969 0.08058948091268539 116
1561943462978 0.07880344384908676 117
1561943462987 0.07478677085638047 118
1561943462996 0.07605428661108017 119
1561943463005 0.0742948667049408 120
1561943463013 0.07473029465675354 121
1561943463022 0.07289964137077332 122
1561943463031 0.07305680991411209 123
1561943463040 0.07184859682321548 124
1561943463048 0.0700997286081314 125
1561943463057 0.07301845149993896 126
1561943463066 0.07020185556411743 127
1561943463077 0.06964988985061646 128
1561943463087 0.06714116886854171 129
1561943463096 0.06726036350727081 130
1561943463105 0.06619470142126084 131
1561943463114 0.06620590994358062 132
1561943463123 0.06811322436332702 133
1561943463132 0.06863280291557312 134
1561943463141 0.06424932742118836 135
1561943463150 0.06213662242293358 136
1561943463159 0.06329719537496567 137
1561943463167 0.064763019657135 138
1561943463176 0.06357573946714401 139
1561943463185 0.06380288956165314 140
1561943463194 0.06212427713871002 141
1561943463203 0.06121366661787033 142
1561943463212 0.05893189455270767 143
1561943463221 0.05667159417867661 144
1561943463229 0.058560284751653674 145
1561943463238 0.05917079541087151 146
1561943463247 0.06023613257408142 147
1561943463256 0.059544511651992794 148
1561943463265 0.05690748189687729 149
1561943463274 0.057007321500778196 150
1561943463283 0.05603566305041313 151
1561943463291 0.05644912792444229 152
1561943463300 0.05569932510852814 153
1561943463309 0.05570387735962868 154
1561943463318 0.05386594215035439 155
1561943463327 0.051963254398107526 156
1561943463336 0.05545525060296059 157
1561943463345 0.05238491216301918 158
1561943463354 0.0512505990922451 159
1561943463363 0.051430024123191836 160
1561943463372 0.05162249305248261 161
1561943463380 0.050449002569913866 162
1561943463389 0.05047578044533729 163
1561943463398 0.04847176035642624 164
1561943463407 0.049497398686409 165
1561943463416 0.05168224931359291 166
1561943463425 0.04818605562448502 167
1561943463434 0.04732492552995682 168
1561943463443 0.04862603012323379 169
1561943463452 0.049229130637645724 170
1561943463460 0.04545547332167625 171
1561943463469 0.04497444298863411 172
1561943463478 0.04653087381720543 173
1561943463487 0.04711267617940903 174
1561943463496 0.04726236675977707 175
1561943463505 0.04708286163210869 176
1561943463514 0.045517333054542544 177
1561943463523 0.04567822373509407 178
1561943463532 0.044143236392736436 179
1561943463541 0.044479761397838595 180
1561943463550 0.04356538687944412 181
1561943463559 0.042702112090587614 182
1561943463568 0.04515457330346107 183
1561943463576 0.04305607596635819 184
1561943463585 0.04046070482730865 185
1561943463594 0.042202556765079495 186
1561943463603 0.04119622938632965 187
1561943463612 0.04291480693221092 188
1561943463621 0.041149658101797104 189
1561943463630 0.04022854453325272 190
1561943463639 0.04144746599793434 191
1561943463648 0.04049518204331398 192
1561943463657 0.04001280770301819 193
1561943463666 0.04041641231775284 194
1561943463675 0.03848424389958382 195
1561943463684 0.040065986633300785 196
1561943463693 0.03889438543319702 197
1561943463702 0.04005731384158134 198
1561943463710 0.03892945250868797 199
