1561944589442 0.17549999732971192 0
1561944589450 0.6838999967575073 1
1561944589459 0.7907999967575073 2
1561944589468 0.8415999998092651 3
1561944589477 0.8713000024795532 4
1561944589486 0.8886999977111817 5
1561944589495 0.9054999947547913 6
1561944589504 0.9198000033378602 7
1561944589513 0.9271000043869019 8
1561944589522 0.9388000046730042 9
1561944589531 0.9456999966621399 10
1561944589540 0.9446000053405762 11
1561944589549 0.9552000045776368 12
1561944589558 0.9578999948501586 13
1561944589567 0.9619000038146973 14
1561944589576 0.9649999958992005 15
1561944589585 0.9685999979972839 16
1561944589594 0.9701999998092652 17
1561944589604 0.9723999976158142 18
1561944589613 0.9746999947547913 19
1561944589622 0.9785000029563904 20
1561944589631 0.9785000051498413 21
1561944589640 0.9808000051498413 22
1561944589649 0.9820000043869018 23
1561944589658 0.9842000033378601 24
1561944589666 0.9858000011444091 25
1561944589675 0.9853000043869019 26
1561944589685 0.9864999964714051 27
1561944589694 0.9874999964714051 28
1561944589703 0.9886000043869019 29
1561944589712 0.9901000007629395 30
1561944589721 0.9896000011444092 31
1561944589730 0.9917999960899353 32
1561944589739 0.9924999979019165 33
1561944589749 0.9924000021934509 34
1561944589758 0.9930000007629395 35
1561944589767 0.9942999989509582 36
1561944589776 0.9936999957084656 37
1561944589785 0.9947999989509583 38
1561944589794 0.9942999957084656 39
1561944589803 0.9955999971389771 40
1561944589812 0.9965000003814697 41
1561944589822 0.9952999957084656 42
1561944589831 0.9965999971389771 43
1561944589840 0.9969000018119812 44
1561944589849 0.9967000032424926 45
1561944589858 0.9972000032424927 46
1561944589867 0.9973000050544739 47
1561944589876 0.9978000032424926 48
1561944589885 0.9983999985694886 49
1561944589894 0.9978000003814698 50
1561944589904 0.9989999985694885 51
1561944589913 0.9989000032424927 52
1561944589922 0.9984000032424927 53
1561944589931 0.9992000046730042 54
1561944589940 0.9991 55
1561944589949 0.9987000032424926 56
1561944589958 0.9988999985694885 57
1561944589967 0.9986000046730041 58
1561944589976 0.9991000046730042 59
1561944589985 0.9990000046730042 60
1561944589995 0.9990999985694885 61
1561944590004 0.9995 62
1561944590013 0.9989 63
1561944590022 0.9995000046730041 64
1561944590031 0.9995000046730041 65
1561944590041 0.9994 66
1561944590050 0.9997000046730041 67
1561944590059 0.9997000046730041 68
1561944590068 0.9997 69
1561944590080 0.9999 70
1561944590090 0.9999 71
1561944590100 0.9999 72
1561944590110 0.9999 73
1561944590119 0.9998000046730041 74
1561944590129 0.9998 75
1561944590138 0.9997000046730041 76
1561944590148 0.9999000046730041 77
1561944590157 0.9999 78
1561944590166 0.9999 79
1561944590176 0.9999 80
1561944590185 0.9995000046730041 81
1561944590195 0.9997 82
1561944590204 1.0 83
1561944590214 1.0 84
1561944590223 0.9999 85
1561944590233 0.9998 86
1561944590242 0.9999000046730041 87
1561944590251 0.9997000046730041 88
1561944590260 1.0 89
1561944590270 0.9997 90
1561944590279 1.0 91
1561944590289 1.0 92
1561944590298 0.9999 93
1561944590308 1.0 94
1561944590317 0.9999 95
1561944590327 0.9999 96
1561944590337 0.9999000046730041 97
1561944590347 1.0 98
1561944590356 1.0 99
1561944590365 1.0 100
1561944590375 0.9999000046730041 101
1561944590384 0.9999 102
1561944590393 1.0 103
1561944590403 0.9999 104
1561944590412 1.0 105
1561944590421 0.9996 106
1561944590431 1.0 107
1561944590440 0.9999 108
1561944590450 1.0 109
1561944590459 1.0 110
1561944590468 1.0 111
1561944590478 0.9999 112
1561944590487 1.0 113
1561944590497 1.0 114
1561944590506 1.0 115
1561944590515 0.9999 116
1561944590525 1.0 117
1561944590534 0.9998 118
1561944590544 1.0 119
1561944590553 0.9999 120
1561944590563 0.9999000046730041 121
1561944590572 1.0 122
1561944590582 1.0 123
1561944590591 0.9999 124
1561944590601 1.0 125
1561944590610 0.9999 126
1561944590619 0.9999 127
1561944590629 0.9999 128
1561944590639 1.0 129
1561944590648 0.9998 130
1561944590657 1.0 131
1561944590667 1.0 132
1561944590676 0.9997999985694885 133
1561944590685 0.9999 134
1561944590695 0.9998000046730041 135
1561944590704 0.9999 136
1561944590714 1.0 137
1561944590723 1.0 138
1561944590733 0.9999 139
1561944590742 0.9998 140
1561944590752 1.0 141
1561944590761 1.0 142
1561944590771 1.0 143
1561944590780 0.9999 144
1561944590790 1.0 145
1561944590799 0.9999 146
1561944590808 1.0 147
1561944590818 1.0 148
1561944590827 1.0 149
1561944590837 1.0 150
1561944590846 1.0 151
1561944590856 1.0 152
1561944590865 1.0 153
1561944590875 1.0 154
1561944590884 1.0 155
1561944590894 1.0 156
1561944590903 1.0 157
1561944590913 1.0 158
1561944590922 0.9999 159
1561944590932 1.0 160
1561944590941 1.0 161
1561944590951 1.0 162
1561944590960 1.0 163
1561944590970 1.0 164
1561944590979 1.0 165
1561944590989 1.0 166
1561944590999 1.0 167
1561944591008 1.0 168
1561944591018 1.0 169
1561944591027 1.0 170
1561944591036 1.0 171
1561944591046 1.0 172
1561944591056 1.0 173
1561944591065 1.0 174
1561944591076 1.0 175
1561944591087 0.9999000046730041 176
1561944591096 1.0 177
1561944591106 1.0 178
1561944591115 1.0 179
1561944591125 1.0 180
1561944591134 1.0 181
1561944591143 1.0 182
1561944591153 1.0 183
1561944591162 0.9999 184
1561944591171 1.0 185
1561944591181 1.0 186
1561944591190 1.0 187
1561944591199 1.0 188
1561944591209 1.0 189
1561944591218 1.0 190
1561944591227 1.0 191
1561944591237 0.9999 192
1561944591246 1.0 193
1561944591256 1.0 194
1561944591265 1.0 195
1561944591274 1.0 196
1561944591284 1.0 197
1561944591293 1.0 198
1561944591302 0.9999 199
