1561944591312 -1.4755819026947024 0
1561944591321 -0.42436798954010013 1
1561944591330 -0.22670105605125423 2
1561944591340 -0.16399014563560482 3
1561944591349 -0.12949816918373108 4
1561944591359 -0.09342878732681276 5
1561944591368 -0.07300959062576295 6
1561944591378 -0.05424542169570923 7
1561944591387 -0.04408129432201388 8
1561944591397 -0.04023482079505922 9
1561944591406 -0.029410696339607245 10
1561944591416 -0.01860876553058624 11
1561944591425 -0.003576072025299082 12
1561944591435 0.005477362513542167 13
1561944591444 0.011594825696945199 14
1561944591453 0.01855417284965513 15
1561944591463 0.01761483219861984 16
1561944591472 0.01718939077854155 17
1561944591481 0.020677564465999596 18
1561944591491 0.02337328630685806 19
1561944591500 0.027629464757442476 20
1561944591510 0.024520323491096493 21
1561944591519 0.023557899427413945 22
1561944591529 0.028319316494464883 23
1561944591538 0.034971492934226994 24
1561944591547 0.036081223118305195 25
1561944591557 0.03356595463752747 26
1561944591566 0.03627302343845367 27
1561944591576 0.03488621028661728 28
1561944591585 0.0372009189069271 29
1561944591594 0.041310260862112036 30
1561944591604 0.04983068585395813 31
1561944591613 0.04687568786740304 32
1561944591623 0.042620952224731445 33
1561944591632 0.04008966033458709 34
1561944591642 0.0453938034415245 35
1561944591651 0.047591342300176614 36
1561944591661 0.0417145894229412 37
1561944591670 0.04164414985179901 38
1561944591679 0.04340139913260937 39
1561944591689 0.04604615190327168 40
1561944591698 0.04753100652694703 41
1561944591708 0.04505238322317601 42
1561944591717 0.04480523472726346 43
1561944591727 0.04612819151878357 44
1561944591736 0.04414625250995159 45
1561944591746 0.04180146441757679 46
1561944591755 0.042277396041154866 47
1561944591764 0.04550611318349838 48
1561944591774 0.0475413496941328 49
1561944591783 0.04515548513829708 50
1561944591793 0.04670857293903828 51
1561944591802 0.04690849310159683 52
1561944591812 0.04586088772416115 53
1561944591822 0.04359467032253743 54
1561944591831 0.04361897610276938 55
1561944591841 0.045257929214835166 56
1561944591850 0.04822884774506092 57
1561944591860 0.045281846317648894 58
1561944591869 0.04529141917824746 59
1561944591879 0.04513943874537944 60
1561944591888 0.047023713272809985 61
1561944591898 0.04722536985129118 62
1561944591907 0.04529545681327581 63
1561944591917 0.0455247450158 64
1561944591926 0.0450745862364769 65
1561944591936 0.04515966749638319 66
1561944591945 0.047010364158451556 67
1561944591955 0.046703809346258646 68
1561944591964 0.045041954076290136 69
1561944591974 0.04462056814432144 70
1561944591984 0.045325215564668175 71
1561944591993 0.04685837177336216 72
1561944592003 0.046225340014696116 73
1561944592012 0.04640799268484115 74
1561944592022 0.04458493465781212 75
1561944592031 0.044541947953402994 76
1561944592041 0.04517293744236231 77
1561944592050 0.04510070267990232 78
1561944592060 0.04578392030745745 79
1561944592069 0.04429400461316109 80
1561944592081 0.0455039000749588 81
1561944592091 0.04731792722195387 82
1561944592101 0.04600015530139208 83
1561944592111 0.045136890733242035 84
1561944592121 0.044861443893611436 85
1561944592131 0.04495439742207527 86
1561944592141 0.045588673421740535 87
1561944592151 0.04653361294940114 88
1561944592162 0.04739234290644526 89
1561944592172 0.046251024171710016 90
1561944592182 0.04555501493215561 91
1561944592192 0.04591853362545371 92
1561944592202 0.046387633614987135 93
1561944592212 0.046304990550130605 94
1561944592222 0.04572739352285862 95
1561944592232 0.0450106252618134 96
1561944592242 0.04600642629861832 97
1561944592252 0.0465904157049954 98
1561944592262 0.045390893240273 99
1561944592272 0.046208017159253365 100
1561944592282 0.04557348388880491 101
1561944592292 0.046782286900281904 102
1561944592303 0.04589690789803862 103
1561944592313 0.04450174335837364 104
1561944592323 0.04486834948807955 105
1561944592333 0.045608270170539617 106
1561944592343 0.0467529697753489 107
1561944592353 0.04692707340046763 108
1561944592363 0.046617192292213436 109
1561944592373 0.04597899825200438 110
1561944592383 0.04600703984498977 111
1561944592394 0.04591567161008716 112
1561944592404 0.04549768896177411 113
1561944592414 0.04498495843112468 114
1561944592427 0.04625936409011483 115
1561944592447 0.04759057148545981 116
1561944592457 0.04797844285964965 117
1561944592467 0.046648966097459194 118
1561944592477 0.04596236857995391 119
1561944592487 0.04559959980137646 120
1561944592497 0.045306070839613674 121
1561944592506 0.04574254454374314 122
1561944592516 0.04667334565557539 123
1561944592526 0.04693296215794981 124
1561944592536 0.04673484480455518 125
1561944592546 0.04622887529172003 126
1561944592556 0.0461182394053787 127
1561944592566 0.046459517497569325 128
1561944592576 0.046986262859031555 129
1561944592586 0.046733049782738095 130
1561944592596 0.04615622887462378 131
1561944592606 0.04684741982445121 132
1561944592617 0.047713174294680354 133
1561944592627 0.04784675944708288 134
1561944592637 0.04610656155906617 135
1561944592647 0.04531369337886572 136
1561944592656 0.04508153810612857 137
1561944592666 0.04593202006667853 138
1561944592676 0.0473324482165277 139
1561944592685 0.047280347542092205 140
1561944592695 0.04654081244170666 141
1561944592705 0.04675377799868584 142
1561944592714 0.04686478727832436 143
1561944592724 0.04694322362057864 144
1561944592734 0.04676417019814253 145
1561944592743 0.046674655715376136 146
1561944592753 0.04628464117683471 147
1561944592763 0.04611017636135221 148
1561944592772 0.04656146490722895 149
1561944592782 0.04738510223887861 150
1561944592792 0.046420690249279146 151
1561944592801 0.04570492154024541 152
1561944592811 0.04550959297083318 153
1561944592821 0.04595066015943885 154
1561944592830 0.04671900617033243 155
1561944592840 0.04727914000786841 156
1561944592850 0.04716261537112296 157
1561944592860 0.04695358546711504 158
1561944592869 0.04711525822430849 159
1561944592879 0.04644224415756762 160
1561944592889 0.04622914275340736 161
1561944592899 0.046221408254280685 162
1561944592908 0.046058676182106136 163
1561944592918 0.046641927150264384 164
1561944592928 0.0480005756970495 165
1561944592938 0.04826130382679403 166
1561944592948 0.04766212465167046 167
1561944592958 0.04706089874766767 168
1561944592967 0.04702321733534336 169
1561944592977 0.04736271383203566 170
1561944592987 0.04728220104835927 171
1561944592997 0.047854476857185364 172
1561944593007 0.04728944129683078 173
1561944593016 0.04663830998595804 174
1561944593026 0.04622103370167315 175
1561944593036 0.04626995667889714 176
1561944593046 0.046748466555401685 177
1561944593056 0.04795405197069049 178
1561944593066 0.04883062734939158 179
1561944593080 0.049676073274947705 180
1561944593094 0.04787458372265101 181
1561944593105 0.0469523594211787 182
1561944593115 0.04696131174862385 183
1561944593125 0.047187212559580805 184
1561944593135 0.04745839409716427 185
1561944593146 0.0477846276121214 186
1561944593156 0.047569914486259225 187
1561944593166 0.04748401590175927 188
1561944593176 0.04745361662786454 189
1561944593187 0.04748344774637371 190
1561944593197 0.04779400782696903 191
1561944593207 0.0478524072997272 192
1561944593217 0.048279711981303985 193
1561944593227 0.048087401765212416 194
1561944593237 0.047356942043453455 195
1561944593247 0.0474840757785365 196
1561944593258 0.04738002094235271 197
1561944593268 0.04781604442708194 198
1561944593278 0.0485717524394393 199
