1561944587657 2.5503964836120607 0
1561944587665 0.9766827139854432 1
1561944587674 0.6766463358879089 2
1561944587683 0.525992589187622 3
1561944587692 0.44211631202697754 4
1561944587700 0.37444441280364993 5
1561944587709 0.3331770548820496 6
1561944587717 0.29475783162117003 7
1561944587726 0.2618584403038025 8
1561944587734 0.23655057616233827 9
1561944587743 0.210441885304451 10
1561944587752 0.19289104704856871 11
1561944587760 0.1736646491765976 12
1561944587769 0.16049391305446625 13
1561944587779 0.15055264835357665 14
1561944587788 0.1383268926382065 15
1561944587796 0.12794619854688644 16
1561944587805 0.11914259326457978 17
1561944587813 0.1098800263762474 18
1561944587822 0.1045254658460617 19
1561944587831 0.09651079951524734 20
1561944587839 0.09118606253862381 21
1561944587848 0.08546048580408096 22
1561944587857 0.07908934755325317 23
1561944587865 0.07423844660520554 24
1561944587874 0.07030462558269501 25
1561944587883 0.06665934859514236 26
1561944587892 0.062378062117099765 27
1561944587900 0.06199616882801056 28
1561944587909 0.05648863679766655 29
1561944587917 0.054136091440916065 30
1561944587926 0.049414373874664304 31
1561944587935 0.04825774249434471 32
1561944587943 0.04607745101451874 33
1561944587952 0.043994718623161316 34
1561944587961 0.040653851008415225 35
1561944587969 0.03772261628508568 36
1561944587978 0.037333619350194934 37
1561944587986 0.035563208210468295 38
1561944587995 0.03411586463749409 39
1561944588004 0.03220654818713665 40
1561944588012 0.030067392218112946 41
1561944588021 0.03001894035041332 42
1561944588029 0.02863806885778904 43
1561944588038 0.02751393891572952 44
1561944588053 0.026788937214016914 45
1561944588070 0.025271418711543082 46
1561944588082 0.024197328728437422 47
1561944588091 0.023246347892284393 48
1561944588100 0.02158499176800251 49
1561944588108 0.021547348693013193 50
1561944588117 0.01979635326564312 51
1561944588126 0.020617043137550355 52
1561944588134 0.01938510368466377 53
1561944588143 0.01797248512804508 54
1561944588152 0.017199890895187853 55
1561944588160 0.01785213749706745 56
1561944588169 0.017040201660990715 57
1561944588179 0.016569295373558997 58
1561944588188 0.014862596541643142 59
1561944588196 0.015096822383999824 60
1561944588205 0.014250581222772599 61
1561944588214 0.014064604718983173 62
1561944588223 0.014442049784958362 63
1561944588232 0.013186565728485583 64
1561944588241 0.01284018406867981 65
1561944588249 0.012628047044575215 66
1561944588258 0.01131524025052786 67
1561944588267 0.010881081883609294 68
1561944588275 0.011156306648254394 69
1561944588284 0.010979178202152252 70
1561944588293 0.01043587170392275 71
1561944588301 0.009955122908949851 72
1561944588310 0.01039918282032013 73
1561944588319 0.009446749544143677 74
1561944588328 0.009778994762897491 75
1561944588337 0.009407913602888585 76
1561944588346 0.008785467694699765 77
1561944588355 0.008839348398894071 78
1561944588363 0.008084162484109403 79
1561944588372 0.008468439644575118 80
1561944588381 0.008864040410518647 81
1561944588390 0.008428616394102573 82
1561944588399 0.00827929645627737 83
1561944588407 0.00837225399017334 84
1561944588416 0.007785486622154713 85
1561944588426 0.0074699355840682985 86
1561944588434 0.007005845299363136 87
1561944588443 0.007178822892159224 88
1561944588452 0.006847601670771837 89
1561944588460 0.006815680518746376 90
1561944588469 0.006801105892658234 91
1561944588478 0.006616356758028269 92
1561944588486 0.006474652207642794 93
1561944588495 0.0063071786262094975 94
1561944588504 0.005616506472229958 95
1561944588513 0.006167323898524046 96
1561944588522 0.005824640697240829 97
1561944588530 0.005694645058363676 98
1561944588539 0.005810100148618221 99
1561944588548 0.005230463307350874 100
1561944588557 0.005913260187208652 101
1561944588565 0.005339016807079315 102
1561944588575 0.005557703552395105 103
1561944588583 0.005563357669115067 104
1561944588592 0.005331390534341335 105
1561944588601 0.0054923958458006385 106
1561944588610 0.005014951702207327 107
1561944588619 0.004984664876013995 108
1561944588628 0.0049065901398658756 109
1561944588637 0.004805038473755121 110
1561944588646 0.004786696046590805 111
1561944588654 0.004850525594502687 112
1561944588663 0.0044922633342444895 113
1561944588672 0.004737406143546104 114
1561944588680 0.004390896239131689 115
1561944588689 0.0044670974686741825 116
1561944588698 0.004116357403993607 117
1561944588707 0.004313876098766923 118
1561944588716 0.004056419698148966 119
1561944588725 0.003916644669696688 120
1561944588734 0.004161373252421618 121
1561944588742 0.003993301677703858 122
1561944588751 0.0038774127062410116 123
1561944588760 0.003983638814464212 124
1561944588769 0.003825644164532423 125
1561944588777 0.00359613557420671 126
1561944588786 0.0036474694285541774 127
1561944588795 0.0036350886039435864 128
1561944588804 0.003502324103191495 129
1561944588813 0.003468178418651223 130
1561944588821 0.003515305633842945 131
1561944588830 0.0032866393364965915 132
1561944588839 0.0037686228044331075 133
1561944588848 0.0034821059618145227 134
1561944588856 0.003509524566307664 135
1561944588865 0.0032481585100293158 136
1561944588874 0.0033413694847375156 137
1561944588883 0.003198262394964695 138
1561944588892 0.00315157505646348 139
1561944588901 0.0030776602167636156 140
1561944588910 0.0030442808777093886 141
1561944588919 0.0028571851670742034 142
1561944588927 0.003052152397483587 143
1561944588936 0.0029195975709706543 144
1561944588945 0.0028514101818203925 145
1561944588954 0.0028480930827558043 146
1561944588963 0.0030277229841798544 147
1561944588973 0.0028526695303618906 148
1561944588982 0.0027206680461764336 149
1561944588991 0.00264564147926867 150
1561944588999 0.0028728682588785885 151
1561944589008 0.0027218404147773983 152
1561944589017 0.0026452225539833306 153
1561944589026 0.0025958317317068577 154
1561944589035 0.0027208988174796103 155
1561944589044 0.0024963756676763295 156
1561944589052 0.002523826914653182 157
1561944589061 0.002587172397598624 158
1561944589070 0.0022589353546500204 159
1561944589083 0.002429865613207221 160
1561944589092 0.002514883192256093 161
1561944589101 0.002351040744408965 162
1561944589110 0.0023487474631518125 163
1561944589118 0.0023778749134391545 164
1561944589128 0.002293788904324174 165
1561944589137 0.0022917157266288996 166
1561944589145 0.0023822133660316466 167
1561944589154 0.0022738897237926724 168
1561944589163 0.0020675844401121138 169
1561944589172 0.001971949916705489 170
1561944589181 0.0022779122922569513 171
1561944589190 0.0020622692823410033 172
1561944589199 0.0019802893605083225 173
1561944589208 0.0019175208503380418 174
1561944589217 0.00200879012607038 175
1561944589226 0.001942917674034834 176
1561944589235 0.0019819764155894516 177
1561944589244 0.0019001684494316577 178
1561944589253 0.0019846630718559025 179
1561944589262 0.0018520039996132254 180
1561944589271 0.002324359504878521 181
1561944589280 0.002055302517488599 182
1561944589289 0.0020333947032690047 183
1561944589298 0.001959847179055214 184
1561944589307 0.0018578172754496337 185
1561944589316 0.0018346484048292042 186
1561944589325 0.0020157810188829897 187
1561944589334 0.0018123744826763868 188
1561944589343 0.0017507439168170094 189
1561944589352 0.0019047851404175161 190
1561944589361 0.0017592714536935092 191
1561944589370 0.0019161994524300098 192
1561944589379 0.00177834181021899 193
1561944589388 0.0018702248457819223 194
1561944589397 0.0018807633362710476 195
1561944589406 0.0015999885560944677 196
1561944589415 0.0018346162477508186 197
1561944589424 0.001596397690847516 198
1561944589433 0.0018778315380215645 199
