1561932450482 0.7629333333651225 0
1561932450490 0.9356500001907349 1
1561932450499 0.9599833333333333 2
1561932450507 0.970899999109904 3
1561932450515 0.9771666674931844 4
1561932450523 0.9814666668891907 5
1561932450532 0.9841333345731099 6
1561932450540 0.9861500007947286 7
1561932450548 0.9883833339691163 8
1561932450556 0.9896166671435038 9
1561932450565 0.9910166666984558 10
1561932450573 0.9916833326339721 11
1561932450581 0.9930500007629395 12
1561932450589 0.9940666655222575 13
1561932450598 0.9944833332061768 14
1561932450606 0.9952666655222575 15
1561932450614 0.9952833340962728 16
1561932450623 0.9959666675567627 17
1561932450631 0.9955166653633117 18
1561932450639 0.9965166668256124 19
1561932450648 0.9973666665395101 20
1561932450656 0.9973500008900961 21
1561932450664 0.9977166668256124 22
1561932450672 0.9981666668256124 23
1561932450680 0.998333333492279 24
1561932450689 0.9983833327611288 25
1561932450697 0.9986333342234294 26
1561932450706 0.998783333047231 27
1561932450714 0.9987833323160807 28
1561932450723 0.9989166656494141 29
1561932450731 0.999150000445048 30
1561932450739 0.9991833345095317 31
1561932450748 0.9989999997138977 32
1561932450756 0.9993833333333333 33
1561932450765 0.999533332602183 34
1561932450773 0.9994833333333333 35
1561932450782 0.9994833333333333 36
1561932450790 0.999583332602183 37
1561932450798 0.9996666659355163 38
1561932450807 0.9995999992688497 39
1561932450815 0.999583332602183 40
1561932450823 0.9996833345095316 41
1561932450832 0.9996666666666667 42
1561932450840 0.9997999992688497 43
1561932450848 0.9998 44
1561932450857 0.9997166659355163 45
1561932450865 0.999783332602183 46
1561932450873 0.9997333345095316 47
1561932450882 0.9997999992688497 48
1561932450890 0.9997166666666667 49
1561932450899 0.9998666666666667 50
1561932450907 0.9998666666666667 51
1561932450916 0.9998666666666667 52
1561932450924 0.9998333333333334 53
1561932450932 0.9998166666666667 54
1561932450940 0.9998666666666667 55
1561932450949 0.9999166659355163 56
1561932450957 0.99985 57
1561932450967 0.9999333333333333 58
1561932450975 0.9999166666666667 59
1561932450984 0.9999499992688496 60
1561932450992 0.99995 61
1561932451001 0.9998500011761984 62
1561932451010 0.9998166659355163 63
1561932451019 0.9999 64
1561932451027 0.9999166666666667 65
1561932451036 0.9999166666666667 66
1561932451045 0.9999666659355163 67
1561932451053 0.9999166666666667 68
1561932451062 0.9999333333333333 69
1561932451070 0.9999166666666667 70
1561932451087 0.9999333333333333 71
1561932451096 0.9999166666666667 72
1561932451105 0.9999666666666667 73
1561932451113 1.0 74
1561932451122 0.9999333333333333 75
1561932451132 0.9999666666666667 76
1561932451141 0.9998833333333333 77
1561932451150 0.9999833333333333 78
1561932451158 0.9999333333333333 79
1561932451172 0.9999666666666667 80
1561932451183 0.99995 81
1561932451191 0.9998833333333333 82
1561932451200 0.9998999992688496 83
1561932451214 0.9999666666666667 84
1561932451222 0.99995 85
1561932451231 0.9998833333333333 86
1561932451242 1.0 87
1561932451257 0.9999333333333333 88
1561932451267 0.99995 89
1561932451276 0.9999833333333333 90
1561932451284 0.99995 91
1561932451293 0.9999666666666667 92
1561932451301 1.0 93
1561932451309 0.9999666666666667 94
1561932451318 0.9999666666666667 95
1561932451326 0.9999666666666667 96
1561932451334 0.9999666666666667 97
1561932451342 0.999933332602183 98
1561932451351 0.99995 99
