1561932449608 0.7590442501068115 0
1561932449615 0.22215158117612202 1
1561932449623 0.14121664230028788 2
1561932449631 0.10395541954040527 3
1561932449639 0.08111639977693558 4
1561932449646 0.06751007915536562 5
1561932449654 0.05731269330183665 6
1561932449662 0.049693718141317365 7
1561932449670 0.043460699071486794 8
1561932449682 0.03836235374212265 9
1561932449690 0.03512121617694696 10
1561932449698 0.03167287690738837 11
1561932449706 0.02832196464041869 12
1561932449716 0.025284730792045594 13
1561932449724 0.0234754545768102 14
1561932449732 0.020643388278285664 15
1561932449740 0.019179362892111144 16
1561932449756 0.018126308185855547 17
1561932449773 0.0176741662889719 18
1561932449789 0.01558225371191899 19
1561932449798 0.0134789897163709 20
1561932449806 0.012694726097087066 21
1561932449814 0.012165413404007753 22
1561932449823 0.010710326951742172 23
1561932449830 0.009603711933394272 24
1561932449838 0.009426644492149352 25
1561932449847 0.008544205236931642 26
1561932449857 0.008043546233077844 27
1561932449871 0.007483932008345922 28
1561932449880 0.007209912635882695 29
1561932449888 0.006606990251193444 30
1561932449896 0.006024584650496642 31
1561932449904 0.00591601434374849 32
1561932449913 0.005382539821167787 33
1561932449922 0.0049449835037191706 34
1561932449930 0.004741087262704969 35
1561932449939 0.004747443126142025 36
1561932449947 0.004180599411825339 37
1561932449955 0.0040368714315195875 38
1561932449964 0.0037758280949046217 39
1561932449972 0.003641985366245111 40
1561932449981 0.0032909933437903723 41
1561932449990 0.0031193666622042655 42
1561932449998 0.0032514963236947854 43
1561932450006 0.002958290336156885 44
1561932450015 0.0029136540316045284 45
1561932450023 0.002746559228996436 46
1561932450031 0.0026901650413870813 47
1561932450039 0.0026557675867031017 48
1561932450047 0.0025183888611694178 49
1561932450055 0.002189930351326863 50
1561932450064 0.002154388748978575 51
1561932450072 0.002137806893202166 52
1561932450082 0.0019229681103179852 53
1561932450090 0.001995040711077551 54
1561932450098 0.0021117870952934025 55
1561932450107 0.0017939166389405728 56
1561932450115 0.0018865607630461454 57
1561932450123 0.0016618257817501824 58
1561932450131 0.0015830290406321486 59
1561932450139 0.0015115754839032888 60
1561932450147 0.0014512159852931898 61
1561932450155 0.0016043559836844603 62
1561932450163 0.001789421379690369 63
1561932450171 0.0015171731301272908 64
1561932450180 0.0013912576098615923 65
1561932450188 0.0013069085595508417 66
1561932450196 0.0013230207826321323 67
1561932450204 0.0013385023381561041 68
1561932450212 0.0012980736194178463 69
1561932450220 0.0012495578531796733 70
1561932450228 0.001276698302756995 71
1561932450236 0.0013280473589897155 72
1561932450244 0.0011012834084530672 73
1561932450252 0.0011497234233965477 74
1561932450261 0.0010482276600785553 75
1561932450269 0.0009859647151082753 76
1561932450279 0.001165964071949323 77
1561932450288 0.001124553889532884 78
1561932450296 0.0010491136260020236 79
1561932450304 0.0009436710392745832 80
1561932450313 0.000886051059452196 81
1561932450322 0.0009456168482700984 82
1561932450330 0.0010015392464896044 83
1561932450339 0.0009116314130214353 84
1561932450347 0.0008977863229811192 85
1561932450360 0.0009678764693128566 86
1561932450371 0.0008423811171824734 87
1561932450380 0.0008575917077561219 88
1561932450388 0.0009356290891766548 89
1561932450397 0.0008497223489296933 90
1561932450405 0.0007912575533613563 91
1561932450414 0.0008203709871818621 92
1561932450422 0.0006618180067278445 93
1561932450431 0.000697570227086544 94
1561932450439 0.0007332438360278806 95
1561932450448 0.0007114810391329228 96
1561932450457 0.0007067881608381867 97
1561932450466 0.0006741240339974562 98
1561932450474 0.0007582966573225955 99
