1561937486924 0.3641000010490417 0
1561937486932 0.7427999990463257 1
1561937486939 0.8443999964714051 2
1561937486947 0.8811999974250794 3
1561937486955 0.9015999994277955 4
1561937486962 0.9148999965667725 5
1561937486970 0.9275000018119812 6
1561937486977 0.9354999975204468 7
1561937486985 0.9437000010490417 8
1561937486993 0.948700000667572 9
1561937487000 0.9537999995231629 10
1561937487008 0.9587000009536744 11
1561937487015 0.9632999987602234 12
1561937487023 0.9651000005722046 13
1561937487031 0.9682999983787537 14
1561937487038 0.9698999947547913 15
1561937487046 0.9733999979972839 16
1561937487053 0.9781000019073486 17
1561937487061 0.9781000022888183 18
1561937487069 0.978999995803833 19
