1561937486774 1.9133790201187133 0
1561937486781 0.8102739064216614 1
1561937486789 0.5339149721622467 2
1561937486796 0.4057300363063812 3
1561937486804 0.34565980625152587 4
1561937486811 0.2977867819786072 5
1561937486819 0.2593873349189758 6
1561937486826 0.22876901750564574 7
1561937486834 0.20274778542518615 8
1561937486841 0.18361844203472139 9
1561937486849 0.17013261206150054 10
1561937486856 0.1549947783470154 11
1561937486864 0.1373944385290146 12
1561937486872 0.1285978710412979 13
1561937486879 0.12037427939176559 14
1561937486887 0.11110146312713623 15
1561937486894 0.10203291205167771 16
1561937486902 0.09447655776739121 17
1561937486909 0.08871095589399337 18
1561937486917 0.0845329799413681 19
