1561887633720 0.47951666549046834 0
1561887633729 0.7301333340009054 1
1561887633737 0.800716666507721 2
1561887633746 0.8369333338737488 3
1561887633755 0.860883333683014 4
1561887633764 0.8785666656176249 5
1561887633773 0.8920333338101705 6
1561887633782 0.9012999988555909 7
1561887633791 0.9096500005404154 8
1561887633800 0.9136833330154419 9
1561887633809 0.9200666658083598 10
1561887633818 0.9229833320617675 11
1561887633827 0.9269999988555908 12
1561887633835 0.9302333338101705 13
1561887633844 0.9336000002861023 14
1561887633853 0.9364833322842916 15
1561887633862 0.937116666952769 16
1561887633871 0.9387666660626729 17
1561887633880 0.9418999998410543 18
1561887633889 0.9430666674931845 19
