1561887633542 1.597002467473348 0
1561887633550 0.9772672200202942 1
1561887633558 0.7823764519691467 2
1561887633566 0.6542148712793986 3
1561887633574 0.5635544130643209 4
1561887633582 0.49458857975006104 5
1561887633591 0.43908156797091163 6
1561887633599 0.3995295127868652 7
1561887633607 0.369211447985967 8
1561887633624 0.3422126642545064 9
1561887633632 0.31926142627398174 10
1561887633641 0.3028301990032196 11
1561887633650 0.28399748565355937 12
1561887633658 0.27163592794736224 13
1561887633667 0.2575151671330134 14
1561887633676 0.24769220999081928 15
1561887633684 0.23655539831320443 16
1561887633693 0.2294049529949824 17
1561887633702 0.2200829902092616 18
1561887633711 0.2118005795319875 19
