1561936985011 0.08330000191926956 0
1561936985020 0.3840999901294708 1
1561936985029 0.5795000195503235 2
1561936985037 0.6825000047683716 3
1561936985046 0.7325000166893005 4
1561936985055 0.7734000086784363 5
1561936985063 0.8087999820709229 6
1561936985072 0.8282999992370605 7
1561936985083 0.847100019454956 8
1561936985092 0.8583999872207642 9
1561936985101 0.8723000288009644 10
1561936985110 0.8842999935150146 11
1561936985119 0.888700008392334 12
1561936985128 0.89410001039505 13
1561936985136 0.9004999995231628 14
1561936985145 0.9060999751091003 15
1561936985154 0.911899983882904 16
1561936985163 0.9176999926567078 17
1561936985171 0.9222999811172485 18
1561936985180 0.9233999848365784 19
1561936985189 0.9276999831199646 20
1561936985197 0.9312999844551086 21
1561936985206 0.9337999820709229 22
1561936985215 0.9376000165939331 23
1561936985224 0.9394999742507935 24
1561936985232 0.9452000260353088 25
1561936985241 0.9453999996185303 26
1561936985250 0.9492999911308289 27
1561936985258 0.9480000138282776 28
1561936985267 0.9521999955177307 29
1561936985276 0.9542999863624573 30
1561936985284 0.9538999795913696 31
1561936985293 0.9599999785423279 32
1561936985302 0.958899974822998 33
1561936985310 0.9613999724388123 34
1561936985319 0.9596999883651733 35
1561936985328 0.9634000062942505 36
1561936985337 0.9642000198364258 37
1561936985346 0.96670001745224 38
1561936985354 0.9663000106811523 39
1561936985363 0.9674000144004822 40
1561936985372 0.9674999713897705 41
1561936985381 0.9704999923706055 42
1561936985389 0.9696000218391418 43
1561936985398 0.970300018787384 44
1561936985407 0.9718000292778015 45
1561936985416 0.972000002861023 46
1561936985424 0.9745000004768372 47
1561936985433 0.9743000268936157 48
1561936985442 0.9753999710083008 49
