1561936984582 2.935107469558716 0
1561936984590 1.8231528997421265 1
1561936984599 1.3022066354751587 2
1561936984607 1.0253409147262573 3
1561936984616 0.8645906448364258 4
1561936984624 0.7423755526542664 5
1561936984633 0.6441740393638611 6
1561936984642 0.5807490348815918 7
1561936984650 0.5219359397888184 8
1561936984659 0.4825682044029236 9
1561936984667 0.43872305750846863 10
1561936984676 0.4151684045791626 11
1561936984684 0.3842166066169739 12
1561936984693 0.36238858103752136 13
1561936984701 0.34274667501449585 14
1561936984710 0.32496291399002075 15
1561936984719 0.3070705235004425 16
1561936984727 0.2893321216106415 17
1561936984736 0.27705293893814087 18
1561936984744 0.26588496565818787 19
1561936984753 0.2517600655555725 20
1561936984762 0.2441272735595703 21
1561936984770 0.2316809594631195 22
1561936984779 0.21739815175533295 23
1561936984787 0.21353788673877716 24
1561936984796 0.20334237813949585 25
1561936984804 0.2002355307340622 26
1561936984813 0.1897401660680771 27
1561936984821 0.18491946160793304 28
1561936984830 0.1777694970369339 29
1561936984839 0.16915585100650787 30
1561936984847 0.1644081026315689 31
1561936984856 0.15737375617027283 32
1561936984865 0.15410612523555756 33
1561936984873 0.1453673094511032 34
1561936984882 0.14699490368366241 35
1561936984890 0.13913652300834656 36
1561936984899 0.13576826453208923 37
1561936984908 0.1304398477077484 38
1561936984916 0.12710615992546082 39
1561936984925 0.12282590568065643 40
1561936984934 0.12222768366336823 41
1561936984942 0.1163926050066948 42
1561936984951 0.11578872054815292 43
1561936984959 0.11322534084320068 44
1561936984968 0.10750190168619156 45
1561936984977 0.10562634468078613 46
1561936984985 0.1009942889213562 47
1561936984994 0.10158956050872803 48
1561936985003 0.09651590883731842 49
