1561887575462 0.6574166665712993 0
1561887575470 0.8467666663805644 1
1561887575478 0.8893499998092651 2
1561887575486 0.9095999998410543 3
1561887575494 0.9214333331425985 4
1561887575501 0.9283833331743876 5
1561887575509 0.934833333269755 6
1561887575517 0.9397833330790202 7
1561887575525 0.9423333331425985 8
1561887575533 0.9450166666984559 9
1561887575540 0.949116666952769 10
1561887575548 0.9492499999364217 11
1561887575556 0.9538999999682108 12
1561887575564 0.9550666666030884 13
1561887575572 0.9573499997456868 14
1561887575580 0.9569833333015442 15
1561887575587 0.9574333333015442 16
1561887575595 0.9599500000635783 17
1561887575603 0.961083333047231 18
1561887575611 0.9605999999682109 19
