1561887575306 1.1458699099858602 0
1561887575314 0.5985253341039022 1
1561887575322 0.43411758778889975 2
1561887575330 0.3465098658084869 3
1561887575338 0.29810775340398155 4
1561887575346 0.26114382956027987 5
1561887575353 0.2323210027217865 6
1561887575361 0.21253919072945912 7
1561887575369 0.20172785940170287 8
1561887575377 0.18799807663758597 9
1561887575384 0.17503268627325694 10
1561887575392 0.17071029487450917 11
1561887575400 0.15962504278818768 12
1561887575408 0.15198455832004548 13
1561887575415 0.14424246162573495 14
1561887575423 0.14302857395013174 15
1561887575431 0.1378533528407415 16
1561887575439 0.13222205546299617 17
1561887575447 0.1273550332546234 18
1561887575454 0.12644664809703826 19
