1561882716174 0.9595666666984558 0
1561882716182 0.9860166666984558 1
1561882716190 0.9914333333333334 2
1561882716198 0.9944166666348775 3
1561882716207 0.99615 4
1561882716215 0.9976 5
1561882716223 0.9987333333333334 6
1561882716232 0.9987166666666667 7
1561882716240 0.9988 8
1561882716248 0.99895 9
1561882716257 0.99915 10
1561882716265 0.9986833333333334 11
1561882716273 0.99885 12
1561882716282 0.9994333333333333 13
1561882716290 0.9994 14
1561882716298 0.9986833333015442 15
1561882716307 0.9989166666666667 16
1561882716315 0.9992 17
1561882716323 0.9996666666666667 18
1561882716331 0.9996833333333334 19
