1561882715936 0.1358102680782477 0
1561882715944 0.045195840318997704 1
1561882715952 0.02958753726929426 2
1561882715960 0.019697903244694073 3
1561882715969 0.013483065767586231 4
1561882715977 0.00960275629957517 5
1561882715995 0.006127424041181803 6
1561882716004 0.005147731326706708 7
1561882716015 0.005304503616007666 8
1561882716028 0.004146764368532846 9
1561882716043 0.0037856863231087723 10
1561882716051 0.004772259075815479 11
1561882716060 0.003970057060507437 12
1561882716068 0.0022179432096580665 13
1561882716085 0.0026195459496850767 14
1561882716101 0.004406779531327387 15
1561882716118 0.0038307173204918704 16
1561882716126 0.0030662859769538045 17
1561882716144 0.0013238735303127518 18
1561882716159 0.001462970805269045 19
