1561885763788 0.8852 0
1561885763796 0.9363833333333333 1
1561885763805 0.94425 2
1561885763813 0.9499333333333333 3
1561885763822 0.9522833333333334 4
1561885763831 0.9536833333333333 5
1561885763839 0.9540166666666666 6
1561885763848 0.9572833333333334 7
1561885763857 0.9583166666666667 8
1561885763865 0.9588 9
1561885763874 0.96065 10
1561885763883 0.9581833333333334 11
1561885763891 0.9628 12
1561885763899 0.9645666666666667 13
1561885763907 0.9653833333333334 14
1561885763915 0.9646666666666667 15
1561885763922 0.9672166666666666 16
1561885763930 0.96665 17
1561885763938 0.966 18
1561885763946 0.9659 19
