1561885763616 0.390278546688209 0
1561885763625 0.216016697097073 1
1561885763633 0.18729345733597874 2
1561885763642 0.1712526589731065 3
1561885763650 0.16185512030230215 4
1561885763659 0.15768470561280848 5
1561885763667 0.1577862409965756 6
1561885763676 0.14813131428551085 7
1561885763684 0.14391842809227917 8
1561885763693 0.1417848896873106 9
1561885763702 0.13422820909457903 10
1561885763710 0.14318561955352002 11
1561885763719 0.12845198788011913 12
1561885763727 0.12385703717956785 13
1561885763736 0.1212472785963832 14
1561885763745 0.12134052537796863 15
1561885763753 0.11217620158717036 16
1561885763762 0.11630004647395883 17
1561885763770 0.11685720799349558 18
1561885763779 0.11848215572559274 19
