1561883992507 0.9091666669527689 0
1561883992516 0.9772166666984559 1
1561883992524 0.9847666667620341 2
1561883992533 0.988433333047231 3
1561883992541 0.9912333333015442 4
1561883992549 0.9931166667302449 5
1561883992557 0.9947500001907349 6
1561883992565 0.9951166664441427 7
1561883992572 0.9961333333969116 8
1561883992580 0.9969833333969116 9
1561883992588 0.9974166668574015 10
1561883992595 0.9980500000635782 11
1561883992603 0.9984000001907348 12
1561883992611 0.9987833333969116 13
1561883992619 0.9988833333333333 14
1561883992628 0.9993166666666666 15
1561883992635 0.9991166667302449 16
1561883992643 0.9995000000635783 17
1561883992651 0.9996833333333334 18
1561883992659 0.9996666666666667 19
