1561883992339 0.30130840216080346 0
1561883992347 0.07972857591509819 1
1561883992355 0.05412515034675598 2
1561883992364 0.04159390517671903 3
1561883992372 0.03223752570947011 4
1561883992381 0.02627683578381936 5
1561883992389 0.020814050897955894 6
1561883992397 0.017988784274458887 7
1561883992406 0.014860510283211868 8
1561883992414 0.012582066874702771 9
1561883992423 0.01087522514661153 10
1561883992431 0.00874749191949765 11
1561883992440 0.00739746239533027 12
1561883992448 0.00646406252682209 13
1561883992457 0.00579459956176579 14
1561883992465 0.004373177147780856 15
1561883992474 0.00443779414271315 16
1561883992482 0.0035514176790912948 17
1561883992490 0.00288099299967289 18
1561883992499 0.002631967736283938 19
